"nurkiewicz/RxJava","","1.11.3","","","rx.subjects.ReplaySubjectPerf.subscribeBeforeEventsUnbounded","","","","","","","BOTH_UNSET","BOTH_UNSET","BOTH_UNSET","","","","","","","BOTH_UNSET","BOTH_UNSET","BOTH_UNSET","","","","","","","true","true","","false","false","","false","false","","false","false","","rx.subjects.ReplaySubjectPerf.Input&org.openjdk.jmh.infra.Blackhole","2","true","false","false","false","false","nextRuns=rx.subjects.ReplaySubjectPerf.Input","nextRuns=1&nextRuns=1000&nextRuns=1000000","1","1","","false","b919dc64c78d06638409b3682455f92b7b5dba8155134fec149e9fa8f423fad1"
"nurkiewicz/RxJava","","1.11.3","","","rx.subjects.ReplaySubjectPerf.subscribeBeforeEventsCount1","","","","","","","BOTH_UNSET","BOTH_UNSET","BOTH_UNSET","","","","","","","BOTH_UNSET","BOTH_UNSET","BOTH_UNSET","","","","","","","true","true","","false","false","","false","false","","false","false","","rx.subjects.ReplaySubjectPerf.Input&org.openjdk.jmh.infra.Blackhole","2","true","false","false","false","false","nextRuns=rx.subjects.ReplaySubjectPerf.Input","nextRuns=1&nextRuns=1000&nextRuns=1000000","1","1","","false","1a736a0fd021e42ae02c35fdca4061c0196093a2e1e1ead815cb03dd91f4337c"
"nurkiewicz/RxJava","","1.11.3","","","rx.subjects.ReplaySubjectPerf.subscribeAfterEventsUnbounded","","","","","","","BOTH_UNSET","BOTH_UNSET","BOTH_UNSET","","","","","","","BOTH_UNSET","BOTH_UNSET","BOTH_UNSET","","","","","","","true","true","","false","false","","false","false","","false","false","","rx.subjects.ReplaySubjectPerf.Input&org.openjdk.jmh.infra.Blackhole","2","true","false","false","false","false","nextRuns=rx.subjects.ReplaySubjectPerf.Input","nextRuns=1&nextRuns=1000&nextRuns=1000000","1","1","","false","be271b79ff9d96b6b1ea9f92cbf37a7a63bcaca13e6417e9c289ab96d8773171"
"nurkiewicz/RxJava","","1.11.3","","","rx.subjects.ReplaySubjectPerf.subscribeAfterEventsCount1","","","","","","","BOTH_UNSET","BOTH_UNSET","BOTH_UNSET","","","","","","","BOTH_UNSET","BOTH_UNSET","BOTH_UNSET","","","","","","","true","true","","false","false","","false","false","","false","false","","rx.subjects.ReplaySubjectPerf.Input&org.openjdk.jmh.infra.Blackhole","2","true","false","false","false","false","nextRuns=rx.subjects.ReplaySubjectPerf.Input","nextRuns=1&nextRuns=1000&nextRuns=1000000","1","1","","false","7bc279af8cd59d15541f2a7d0a5e176ffa32619e7331c223b7a72fb40a69f688"
"nurkiewicz/RxJava","","1.11.3","","","rx.subjects.PublishSubjectPerf.benchmark","","","","","","","BOTH_UNSET","BOTH_UNSET","BOTH_UNSET","","","","","","","BOTH_UNSET","BOTH_UNSET","BOTH_UNSET","","","","","","","true","true","","false","false","","false","false","","false","false","","org.openjdk.jmh.infra.Blackhole","1","true","false","false","false","false","subscribers=rx.subjects.PublishSubjectPerf&count=rx.subjects.PublishSubjectPerf","subscribers=1&subscribers=2&subscribers=4&subscribers=8&count=1&count=1000&count=1000000","2","0","java.lang.Object","false","1a050f4581dd9068ae63e5c32572b3ff291fd2390c237be649f2a467e1747d9a"
"nurkiewicz/RxJava","","1.11.3","","","rx.SubscribingPerf.justDirect","","","","","","","BOTH_UNSET","BOTH_UNSET","BOTH_UNSET","","","","","","","BOTH_UNSET","BOTH_UNSET","BOTH_UNSET","","","","","","","true","true","","false","false","","false","false","","false","false","","org.openjdk.jmh.infra.Blackhole","1","true","false","false","false","false","","","0","0","","false","aa1e948116ae4d74f1e0a2f0779a11dbf73fd38a4ffbfe79df9fee4a337b47da"
"nurkiewicz/RxJava","","1.11.3","","","rx.SubscribingPerf.justStarted","","","","","","","BOTH_UNSET","BOTH_UNSET","BOTH_UNSET","","","","","","","BOTH_UNSET","BOTH_UNSET","BOTH_UNSET","","","","","","","true","true","","false","false","","false","false","","false","false","","org.openjdk.jmh.infra.Blackhole","1","true","false","false","false","false","","","0","0","","false","14a77f8a8ac239b2c6c8499f24eb9ec2085280dbdfd89b7118f4421e6bea71de"
"nurkiewicz/RxJava","","1.11.3","","","rx.SubscribingPerf.justUsual","","","","","","","BOTH_UNSET","BOTH_UNSET","BOTH_UNSET","","","","","","","BOTH_UNSET","BOTH_UNSET","BOTH_UNSET","","","","","","","true","true","","false","false","","false","false","","false","false","","org.openjdk.jmh.infra.Blackhole","1","true","false","false","false","false","","","0","0","","false","71b2e289dd629fc3a838a72b6efb106d571342e3ddd4ed7e643567fdaf44551b"
"nurkiewicz/RxJava","","1.11.3","","","rx.SubscribingPerf.rangeDirect","","","","","","","BOTH_UNSET","BOTH_UNSET","BOTH_UNSET","","","","","","","BOTH_UNSET","BOTH_UNSET","BOTH_UNSET","","","","","","","true","true","","false","false","","false","false","","false","false","","org.openjdk.jmh.infra.Blackhole","1","true","false","false","false","false","","","0","0","","false","eb16de53c1ef651d9cbc2545fddb53298520cc653bfd8f25e1cad67f55b60187"
"nurkiewicz/RxJava","","1.11.3","","","rx.SubscribingPerf.rangeStarted","","","","","","","BOTH_UNSET","BOTH_UNSET","BOTH_UNSET","","","","","","","BOTH_UNSET","BOTH_UNSET","BOTH_UNSET","","","","","","","true","true","","false","false","","false","false","","false","false","","org.openjdk.jmh.infra.Blackhole","1","true","false","false","false","false","","","0","0","","false","2d51fa560b2c0dc4d3f42cd638e8f1d74990530566a16eac0b63b7294064520d"
"nurkiewicz/RxJava","","1.11.3","","","rx.SubscribingPerf.rangeUsual","","","","","","","BOTH_UNSET","BOTH_UNSET","BOTH_UNSET","","","","","","","BOTH_UNSET","BOTH_UNSET","BOTH_UNSET","","","","","","","true","true","","false","false","","false","false","","false","false","","org.openjdk.jmh.infra.Blackhole","1","true","false","false","false","false","","","0","0","","false","462d6cc202577d1917600533d38ad0dfc9629bf85a74d7495f6f915252514097"
"nurkiewicz/RxJava","","1.11.3","","","rx.SubscribingPerf.justDirectUnsafe","","","","","","","BOTH_UNSET","BOTH_UNSET","BOTH_UNSET","","","","","","","BOTH_UNSET","BOTH_UNSET","BOTH_UNSET","","","","","","","true","true","","false","false","","false","false","","false","false","","org.openjdk.jmh.infra.Blackhole","1","true","false","false","false","false","","","0","0","","false","34eb1d393c5ff0bf58106807e49c7d20a2c79ab900300d494da4393665f32766"
"nurkiewicz/RxJava","","1.11.3","","","rx.SubscribingPerf.justStartedUnsafe","","","","","","","BOTH_UNSET","BOTH_UNSET","BOTH_UNSET","","","","","","","BOTH_UNSET","BOTH_UNSET","BOTH_UNSET","","","","","","","true","true","","false","false","","false","false","","false","false","","org.openjdk.jmh.infra.Blackhole","1","true","false","false","false","false","","","0","0","","false","01bffb8ec017595cff7edace3936bc175cf787b40373830954befa2ee16103e0"
"nurkiewicz/RxJava","","1.11.3","","","rx.SubscribingPerf.justUsualUnsafe","","","","","","","BOTH_UNSET","BOTH_UNSET","BOTH_UNSET","","","","","","","BOTH_UNSET","BOTH_UNSET","BOTH_UNSET","","","","","","","true","true","","false","false","","false","false","","false","false","","org.openjdk.jmh.infra.Blackhole","1","true","false","false","false","false","","","0","0","","false","687c9e61ca451cb9a4fe38d188571bfc95b85d0c68e258ebfbb6b0ef17622f76"
"nurkiewicz/RxJava","","1.11.3","","","rx.SubscribingPerf.rangeDirectUnsafe","","","","","","","BOTH_UNSET","BOTH_UNSET","BOTH_UNSET","","","","","","","BOTH_UNSET","BOTH_UNSET","BOTH_UNSET","","","","","","","true","true","","false","false","","false","false","","false","false","","org.openjdk.jmh.infra.Blackhole","1","true","false","false","false","false","","","0","0","","false","513ec6da37abc9f697450013f42bcfa95afe95544a9c021e998a2ca749e614d5"
"nurkiewicz/RxJava","","1.11.3","","","rx.SubscribingPerf.rangeStartedUnsafe","","","","","","","BOTH_UNSET","BOTH_UNSET","BOTH_UNSET","","","","","","","BOTH_UNSET","BOTH_UNSET","BOTH_UNSET","","","","","","","true","true","","false","false","","false","false","","false","false","","org.openjdk.jmh.infra.Blackhole","1","true","false","false","false","false","","","0","0","","false","8c4ffda16bdcf0706653a2a5e7812b0817317249315f94c4f810b235a2f0449f"
"nurkiewicz/RxJava","","1.11.3","","","rx.SubscribingPerf.rangeUsualUnsafe","","","","","","","BOTH_UNSET","BOTH_UNSET","BOTH_UNSET","","","","","","","BOTH_UNSET","BOTH_UNSET","BOTH_UNSET","","","","","","","true","true","","false","false","","false","false","","false","false","","org.openjdk.jmh.infra.Blackhole","1","true","false","false","false","false","","","0","0","","false","e03fde7d88fa9c6e2c2861c8c4a1d691456bbffa7c23a62f7866f28a2635a7d7"
"nurkiewicz/RxJava","","1.11.3","","","rx.SubscribingPerf.Chain.mapped","","","","","","","BOTH_UNSET","BOTH_UNSET","BOTH_UNSET","","","","","","","BOTH_UNSET","BOTH_UNSET","BOTH_UNSET","","","","","","","","","","","","","","","","","","","rx.SubscribingPerf.Chain&org.openjdk.jmh.infra.Blackhole","2","true","false","false","false","false","times=rx.SubscribingPerf.Chain&maps=rx.SubscribingPerf.Chain","times=10&times=1000&times=1000000&maps=1&maps=2&maps=3&maps=4&maps=5","2","0","","false","bd016a1fa0fceadb834531c6b09929a56e227f71fdc11a2cab0265e6d8a1cdb2"
"nurkiewicz/RxJava","","1.11.3","","","rx.schedulers.ComputationSchedulerPerf.subscribeOn","","","","","","","BOTH_UNSET","BOTH_UNSET","BOTH_UNSET","","","","","","","BOTH_UNSET","BOTH_UNSET","BOTH_UNSET","","","","","","","true","true","","false","false","","false","false","","false","false","","rx.schedulers.ComputationSchedulerPerf.Input","1","false","false","false","false","false","size=rx.schedulers.ComputationSchedulerPerf.Input","size=1&size=10&size=100&size=1000&size=2000&size=3000&size=4000&size=10000&size=100000&size=1000000","1","1","","false","57439d8840afeebd983c094583c7ed9180d540d21b090a02dac563a8f8994500"
"nurkiewicz/RxJava","","1.11.3","","","rx.schedulers.ComputationSchedulerPerf.observeOn","","","","","","","BOTH_UNSET","BOTH_UNSET","BOTH_UNSET","","","","","","","BOTH_UNSET","BOTH_UNSET","BOTH_UNSET","","","","","","","true","true","","false","false","","false","false","","false","false","","rx.schedulers.ComputationSchedulerPerf.Input","1","false","false","false","false","false","size=rx.schedulers.ComputationSchedulerPerf.Input","size=1&size=10&size=100&size=1000&size=2000&size=3000&size=4000&size=10000&size=100000&size=1000000","1","1","","false","dce299bab3c128200604d1ea921356bc2ea19ec27c0b3087f6f9056f6082f393"
"nurkiewicz/RxJava","","1.11.3","","","rx.schedulers.IOSchedulerPerf.subscribeOn","","","","","","","BOTH_UNSET","BOTH_UNSET","BOTH_UNSET","","","","","","","BOTH_UNSET","BOTH_UNSET","BOTH_UNSET","","","","","","","true","true","","false","false","","false","false","","false","false","","rx.schedulers.IOSchedulerPerf.Input","1","false","false","false","false","false","size=rx.schedulers.IOSchedulerPerf.Input","size=1&size=1000&size=1000000","1","1","","false","466e4f2df56f2124c6e2032b15bd7b44ec427a2ff56a9a82ef031da03a7d1d6c"
"nurkiewicz/RxJava","","1.11.3","","","rx.schedulers.IOSchedulerPerf.observeOn","","","","","","","BOTH_UNSET","BOTH_UNSET","BOTH_UNSET","","","","","","","BOTH_UNSET","BOTH_UNSET","BOTH_UNSET","","","","","","","true","true","","false","false","","false","false","","false","false","","rx.schedulers.IOSchedulerPerf.Input","1","false","false","false","false","false","size=rx.schedulers.IOSchedulerPerf.Input","size=1&size=1000&size=1000000","1","1","","false","c568eb8bf68c71b480e5f00aa8147878bfeb19006629d75218abf1d59a0daecf"
"nurkiewicz/RxJava","","1.11.3","","","rx.subscriptions.SerialSubscriptionPerf.add","","","","","","","BOTH_UNSET","BOTH_UNSET","BOTH_UNSET","","","","","","","BOTH_UNSET","BOTH_UNSET","BOTH_UNSET","","","","","","","true","true","","false","false","","false","false","","false","false","","rx.subscriptions.SerialSubscriptionPerf.TheState","1","false","false","false","false","false","loop=rx.subscriptions.SerialSubscriptionPerf.TheState&count=rx.subscriptions.SerialSubscriptionPerf.TheState","loop=1&loop=1000&loop=100000&count=1&count=5&count=10&count=100","2","2","","false","6cadfd619b97c722e9c65f5e4bf369ebde654afcc0582f9a0bbe61267a4d58a0"
"nurkiewicz/RxJava","","1.11.3","","","rx.subscriptions.SerialSubscriptionPerf.addLocal","","","","","","","BOTH_UNSET","BOTH_UNSET","BOTH_UNSET","","","","","","","BOTH_UNSET","BOTH_UNSET","BOTH_UNSET","","","","","","","true","true","","false","false","","false","false","","false","false","","rx.subscriptions.SerialSubscriptionPerf.TheState&org.openjdk.jmh.infra.Blackhole","2","true","false","false","false","false","loop=rx.subscriptions.SerialSubscriptionPerf.TheState&count=rx.subscriptions.SerialSubscriptionPerf.TheState","loop=1&loop=1000&loop=100000&count=1&count=5&count=10&count=100","2","2","","false","e0979bc875dbc2006b07485d96a1b15774335e1564b6aa2c0407d3b9cb2d9cf0"
"nurkiewicz/RxJava","","1.11.3","","","rx.subscriptions.SubscriptionListPerf.addClear","","","","","","","BOTH_UNSET","BOTH_UNSET","BOTH_UNSET","","","","","","","BOTH_UNSET","BOTH_UNSET","BOTH_UNSET","","","","","","","true","true","","false","false","","false","false","","false","false","","rx.subscriptions.SubscriptionListPerf.TheState","1","false","false","false","false","false","loop=rx.subscriptions.SubscriptionListPerf.TheState&count=rx.subscriptions.SubscriptionListPerf.TheState","loop=1&loop=1000&loop=100000&count=1&count=5&count=10&count=100","2","2","","false","d272339e270ae1b7b4dc2ff982f22f74bc3663d9b2cd702e159629cd1e7e63d0"
"nurkiewicz/RxJava","","1.11.3","","","rx.subscriptions.SubscriptionListPerf.addClearLocal","","","","","","","BOTH_UNSET","BOTH_UNSET","BOTH_UNSET","","","","","","","BOTH_UNSET","BOTH_UNSET","BOTH_UNSET","","","","","","","true","true","","false","false","","false","false","","false","false","","rx.subscriptions.SubscriptionListPerf.TheState&org.openjdk.jmh.infra.Blackhole","2","true","false","false","false","false","loop=rx.subscriptions.SubscriptionListPerf.TheState&count=rx.subscriptions.SubscriptionListPerf.TheState","loop=1&loop=1000&loop=100000&count=1&count=5&count=10&count=100","2","2","","false","b7a91e65321908172e560f3ebc7487aaf1af0615ec9635af9a123f3ee4672eed"
"nurkiewicz/RxJava","","1.11.3","","","rx.subscriptions.CompositeSubscriptionPerf.addRemove","","","","","","","BOTH_UNSET","BOTH_UNSET","BOTH_UNSET","","","","","","","BOTH_UNSET","BOTH_UNSET","BOTH_UNSET","","","","","","","true","true","","false","false","","false","false","","false","false","","rx.subscriptions.CompositeSubscriptionPerf.TheState","1","false","false","false","false","false","loop=rx.subscriptions.CompositeSubscriptionPerf.TheState&count=rx.subscriptions.CompositeSubscriptionPerf.TheState","loop=1&loop=1000&loop=100000&count=1&count=5&count=10&count=100","2","2","","false","9401eb3d2bbfecbbde9396fc9e7eca020f530eb476436e64c695d1d4538a76e1"
"nurkiewicz/RxJava","","1.11.3","","","rx.subscriptions.CompositeSubscriptionPerf.addRemoveLocal","","","","","","","BOTH_UNSET","BOTH_UNSET","BOTH_UNSET","","","","","","","BOTH_UNSET","BOTH_UNSET","BOTH_UNSET","","","","","","","true","true","","false","false","","false","false","","false","false","","rx.subscriptions.CompositeSubscriptionPerf.TheState&org.openjdk.jmh.infra.Blackhole","2","true","false","false","false","false","loop=rx.subscriptions.CompositeSubscriptionPerf.TheState&count=rx.subscriptions.CompositeSubscriptionPerf.TheState","loop=1&loop=1000&loop=100000&count=1&count=5&count=10&count=100","2","2","","false","43003572aaee47b0d5f522bc1270831b403c0e39a12798aac1b0584d8fc48772"
"nurkiewicz/RxJava","","1.11.3","","","rx.subscriptions.CompositeSubscriptionPerf.addClear","","","","","","","BOTH_UNSET","BOTH_UNSET","BOTH_UNSET","","","","","","","BOTH_UNSET","BOTH_UNSET","BOTH_UNSET","","","","","","","true","true","","false","false","","false","false","","false","false","","rx.subscriptions.CompositeSubscriptionPerf.TheState","1","false","false","false","false","false","loop=rx.subscriptions.CompositeSubscriptionPerf.TheState&count=rx.subscriptions.CompositeSubscriptionPerf.TheState","loop=1&loop=1000&loop=100000&count=1&count=5&count=10&count=100","2","2","","false","aa25dde27675e605330279d176a49ac36dc0977aa0dcc8855a555dfd592d5201"
"nurkiewicz/RxJava","","1.11.3","","","rx.subscriptions.CompositeSubscriptionPerf.addClearLocal","","","","","","","BOTH_UNSET","BOTH_UNSET","BOTH_UNSET","","","","","","","BOTH_UNSET","BOTH_UNSET","BOTH_UNSET","","","","","","","true","true","","false","false","","false","false","","false","false","","rx.subscriptions.CompositeSubscriptionPerf.TheState&org.openjdk.jmh.infra.Blackhole","2","true","false","false","false","false","loop=rx.subscriptions.CompositeSubscriptionPerf.TheState&count=rx.subscriptions.CompositeSubscriptionPerf.TheState","loop=1&loop=1000&loop=100000&count=1&count=5&count=10&count=100","2","2","","false","052c991e168245c5213b0562a6e4cff8244db40510322b2759f3ac35b007f919"
"nurkiewicz/RxJava","","1.11.3","","","rx.subscriptions.MultipleAssignmentSubscriptionPerf.add","","","","","","","BOTH_UNSET","BOTH_UNSET","BOTH_UNSET","","","","","","","BOTH_UNSET","BOTH_UNSET","BOTH_UNSET","","","","","","","true","true","","false","false","","false","false","","false","false","","rx.subscriptions.MultipleAssignmentSubscriptionPerf.TheState","1","false","false","false","false","false","loop=rx.subscriptions.MultipleAssignmentSubscriptionPerf.TheState&count=rx.subscriptions.MultipleAssignmentSubscriptionPerf.TheState","loop=1&loop=1000&loop=100000&count=1&count=5&count=10&count=100","2","2","","false","afd42724b2b734b6e397322640aaec78871e5320791cf6a9a870d6fbf92becb7"
"nurkiewicz/RxJava","","1.11.3","","","rx.subscriptions.MultipleAssignmentSubscriptionPerf.addLocal","","","","","","","BOTH_UNSET","BOTH_UNSET","BOTH_UNSET","","","","","","","BOTH_UNSET","BOTH_UNSET","BOTH_UNSET","","","","","","","true","true","","false","false","","false","false","","false","false","","rx.subscriptions.MultipleAssignmentSubscriptionPerf.TheState&org.openjdk.jmh.infra.Blackhole","2","true","false","false","false","false","loop=rx.subscriptions.MultipleAssignmentSubscriptionPerf.TheState&count=rx.subscriptions.MultipleAssignmentSubscriptionPerf.TheState","loop=1&loop=1000&loop=100000&count=1&count=5&count=10&count=100","2","2","","false","95cdbe15c1b93408bcd862065a0f015c2f2134435f1efb55d8f010df80ce8b00"
"nurkiewicz/RxJava","","1.11.3","","","rx.subscriptions.SubscriptionListConcurrentPerf.addClearT1","","","","","","","BOTH_UNSET","BOTH_UNSET","BOTH_UNSET","","","","","","","BOTH_UNSET","BOTH_UNSET","BOTH_UNSET","","","","","","","true","true","","false","false","","false","false","","false","false","","","0","false","false","false","false","false","loop=rx.subscriptions.SubscriptionListConcurrentPerf&count=rx.subscriptions.SubscriptionListConcurrentPerf","loop=1&loop=1000&loop=100000&count=1&count=5&count=10&count=20","2","0","","true","171d42e54f4cabbd247066edbafe64e7556952a36e27f8ee38bce784b6091f25"
"nurkiewicz/RxJava","","1.11.3","","","rx.subscriptions.SubscriptionListConcurrentPerf.addClearT2","","","","","","","BOTH_UNSET","BOTH_UNSET","BOTH_UNSET","","","","","","","BOTH_UNSET","BOTH_UNSET","BOTH_UNSET","","","","","","","true","true","","false","false","","false","false","","false","false","","","0","false","false","false","false","false","loop=rx.subscriptions.SubscriptionListConcurrentPerf&count=rx.subscriptions.SubscriptionListConcurrentPerf","loop=1&loop=1000&loop=100000&count=1&count=5&count=10&count=20","2","0","","true","4c07ca1cbf123550d2ed6b13a4925a8fb0255cf7bf24188e686583ba6388e28d"
"nurkiewicz/RxJava","","1.11.3","","","rx.subscriptions.SubscriptionListConcurrentPerf.addClearHalfT1","","","","","","","BOTH_UNSET","BOTH_UNSET","BOTH_UNSET","","","","","","","BOTH_UNSET","BOTH_UNSET","BOTH_UNSET","","","","","","","true","true","","false","false","","false","false","","false","false","","","0","false","false","false","false","false","loop=rx.subscriptions.SubscriptionListConcurrentPerf&count=rx.subscriptions.SubscriptionListConcurrentPerf","loop=1&loop=1000&loop=100000&count=1&count=5&count=10&count=20","2","0","","true","b7b3550e595e238dc8d640568fd64ba6ad7123c96706922e768095ae227af450"
"nurkiewicz/RxJava","","1.11.3","","","rx.subscriptions.SubscriptionListConcurrentPerf.addRemoveHalfT2","","","","","","","BOTH_UNSET","BOTH_UNSET","BOTH_UNSET","","","","","","","BOTH_UNSET","BOTH_UNSET","BOTH_UNSET","","","","","","","true","true","","false","false","","false","false","","false","false","","","0","false","false","false","false","false","loop=rx.subscriptions.SubscriptionListConcurrentPerf&count=rx.subscriptions.SubscriptionListConcurrentPerf","loop=1&loop=1000&loop=100000&count=1&count=5&count=10&count=20","2","0","","true","3441e689024763a56bce1efc68e51e9845b89a774fcc72431c628f95d71d5724"
"nurkiewicz/RxJava","","1.11.3","","","rx.subscriptions.CompositeSubscriptionConcurrentPerf.addRemoveT1","","","","","","","BOTH_UNSET","BOTH_UNSET","BOTH_UNSET","","","","","","","BOTH_UNSET","BOTH_UNSET","BOTH_UNSET","","","","","","","true","true","","false","false","","false","false","","false","false","","","0","false","false","false","false","false","loop=rx.subscriptions.CompositeSubscriptionConcurrentPerf&count=rx.subscriptions.CompositeSubscriptionConcurrentPerf","loop=1&loop=1000&loop=100000&count=1&count=5&count=10&count=20","2","0","","true","40ee3f5190f5bd84a54c60b87e8f6cb771ae003e79b9da7e2ec367bee236abc5"
"nurkiewicz/RxJava","","1.11.3","","","rx.subscriptions.CompositeSubscriptionConcurrentPerf.addRemoveT2","","","","","","","BOTH_UNSET","BOTH_UNSET","BOTH_UNSET","","","","","","","BOTH_UNSET","BOTH_UNSET","BOTH_UNSET","","","","","","","true","true","","false","false","","false","false","","false","false","","","0","false","false","false","false","false","loop=rx.subscriptions.CompositeSubscriptionConcurrentPerf&count=rx.subscriptions.CompositeSubscriptionConcurrentPerf","loop=1&loop=1000&loop=100000&count=1&count=5&count=10&count=20","2","0","","true","528285d628c39598f6db87f3cddb1f18f8c459f508b294ca4af638a77136aaf4"
"nurkiewicz/RxJava","","1.11.3","","","rx.subscriptions.CompositeSubscriptionConcurrentPerf.addRemoveHalfT1","","","","","","","BOTH_UNSET","BOTH_UNSET","BOTH_UNSET","","","","","","","BOTH_UNSET","BOTH_UNSET","BOTH_UNSET","","","","","","","true","true","","false","false","","false","false","","false","false","","","0","false","false","false","false","false","loop=rx.subscriptions.CompositeSubscriptionConcurrentPerf&count=rx.subscriptions.CompositeSubscriptionConcurrentPerf","loop=1&loop=1000&loop=100000&count=1&count=5&count=10&count=20","2","0","","true","f4cf436c4e88c756c0289f3a40c97cf49fcfd1ab630f9ef1a5ad771567aea99c"
"nurkiewicz/RxJava","","1.11.3","","","rx.subscriptions.CompositeSubscriptionConcurrentPerf.addRemoveHalfT2","","","","","","","BOTH_UNSET","BOTH_UNSET","BOTH_UNSET","","","","","","","BOTH_UNSET","BOTH_UNSET","BOTH_UNSET","","","","","","","true","true","","false","false","","false","false","","false","false","","","0","false","false","false","false","false","loop=rx.subscriptions.CompositeSubscriptionConcurrentPerf&count=rx.subscriptions.CompositeSubscriptionConcurrentPerf","loop=1&loop=1000&loop=100000&count=1&count=5&count=10&count=20","2","0","","true","d07a5ce3dbdd118575766bbe481f78465b537bb696367d9bb08dfebfe10ce9fd"
"nurkiewicz/RxJava","","1.11.3","","","rx.subscriptions.CompositeSubscriptionConcurrentPerf.addClearT1","","","","","","","BOTH_UNSET","BOTH_UNSET","BOTH_UNSET","","","","","","","BOTH_UNSET","BOTH_UNSET","BOTH_UNSET","","","","","","","true","true","","false","false","","false","false","","false","false","","","0","false","false","false","false","false","loop=rx.subscriptions.CompositeSubscriptionConcurrentPerf&count=rx.subscriptions.CompositeSubscriptionConcurrentPerf","loop=1&loop=1000&loop=100000&count=1&count=5&count=10&count=20","2","0","","true","6bc3863e4e483575c17f667a4acd34f0f6a655a9e425d1b8420ca909cc1537a6"
"nurkiewicz/RxJava","","1.11.3","","","rx.subscriptions.CompositeSubscriptionConcurrentPerf.addClearT2","","","","","","","BOTH_UNSET","BOTH_UNSET","BOTH_UNSET","","","","","","","BOTH_UNSET","BOTH_UNSET","BOTH_UNSET","","","","","","","true","true","","false","false","","false","false","","false","false","","","0","false","false","false","false","false","loop=rx.subscriptions.CompositeSubscriptionConcurrentPerf&count=rx.subscriptions.CompositeSubscriptionConcurrentPerf","loop=1&loop=1000&loop=100000&count=1&count=5&count=10&count=20","2","0","","true","44a87dfc363dd6ea0f50da91437fb56c2f218d6d29e2de815035c90b647bbccf"
"nurkiewicz/RxJava","","1.11.3","","","rx.subscriptions.CompositeSubscriptionConcurrentPerf.addClearHalfT1","","","","","","","BOTH_UNSET","BOTH_UNSET","BOTH_UNSET","","","","","","","BOTH_UNSET","BOTH_UNSET","BOTH_UNSET","","","","","","","true","true","","false","false","","false","false","","false","false","","","0","false","false","false","false","false","loop=rx.subscriptions.CompositeSubscriptionConcurrentPerf&count=rx.subscriptions.CompositeSubscriptionConcurrentPerf","loop=1&loop=1000&loop=100000&count=1&count=5&count=10&count=20","2","0","","true","b5ea3af902629aed404fb1e0bc607669a26f3bb596bf3673ea86ddc92ee84224"
"nurkiewicz/RxJava","","1.11.3","","","rx.subscriptions.CompositeSubscriptionConcurrentPerf.addClearHalfT2","","","","","","","BOTH_UNSET","BOTH_UNSET","BOTH_UNSET","","","","","","","BOTH_UNSET","BOTH_UNSET","BOTH_UNSET","","","","","","","true","true","","false","false","","false","false","","false","false","","","0","false","false","false","false","false","loop=rx.subscriptions.CompositeSubscriptionConcurrentPerf&count=rx.subscriptions.CompositeSubscriptionConcurrentPerf","loop=1&loop=1000&loop=100000&count=1&count=5&count=10&count=20","2","0","","true","6559a77839a919236e714446a20e912d4c8dbdc4b1e85ab960a1342b360a7989"
"nurkiewicz/RxJava","","1.11.3","","","rx.DeferredScalarPerf.reduce","","","","","","","BOTH_UNSET","BOTH_UNSET","BOTH_UNSET","","","","","","","BOTH_UNSET","BOTH_UNSET","BOTH_UNSET","","","","","","","true","true","","false","false","","false","false","","false","false","","org.openjdk.jmh.infra.Blackhole","1","true","false","false","false","false","count=rx.DeferredScalarPerf","count=1&count=10&count=100&count=1000&count=10000&count=100000&count=1000000","1","0","","false","dc5e83608ddd571d7aa686d2f3fc76a3d44f9600d729b320331b253c11065c37"
"nurkiewicz/RxJava","","1.11.3","","","rx.DeferredScalarPerf.reduceSeed","","","","","","","BOTH_UNSET","BOTH_UNSET","BOTH_UNSET","","","","","","","BOTH_UNSET","BOTH_UNSET","BOTH_UNSET","","","","","","","true","true","","false","false","","false","false","","false","false","","org.openjdk.jmh.infra.Blackhole","1","true","false","false","false","false","count=rx.DeferredScalarPerf","count=1&count=10&count=100&count=1000&count=10000&count=100000&count=1000000","1","0","","false","f71de773dcfb719cc721b45b33e3f9ff9519860671957fc142e148afef40cf23"
"nurkiewicz/RxJava","","1.11.3","","","rx.DeferredScalarPerf.last","","","","","","","BOTH_UNSET","BOTH_UNSET","BOTH_UNSET","","","","","","","BOTH_UNSET","BOTH_UNSET","BOTH_UNSET","","","","","","","true","true","","false","false","","false","false","","false","false","","org.openjdk.jmh.infra.Blackhole","1","true","false","false","false","false","count=rx.DeferredScalarPerf","count=1&count=10&count=100&count=1000&count=10000&count=100000&count=1000000","1","0","","false","d935f8ef3d8c18b167bacc1b0e774f5e1843ad5f3a6d376af59c0b169122f2df"
"nurkiewicz/RxJava","","1.11.3","","","rx.DeferredScalarPerf.collect","","","","","","","BOTH_UNSET","BOTH_UNSET","BOTH_UNSET","","","","","","","BOTH_UNSET","BOTH_UNSET","BOTH_UNSET","","","","","","","true","true","","false","false","","false","false","","false","false","","org.openjdk.jmh.infra.Blackhole","1","true","false","false","false","false","count=rx.DeferredScalarPerf","count=1&count=10&count=100&count=1000&count=10000&count=100000&count=1000000","1","0","","false","40b905fb38cc6c0220c0d8c0d8337b618e883fd85bbdda6d0e4ffdc4c47ba200"
"nurkiewicz/RxJava","","1.11.3","","","rx.observables.SyncOnSubscribePerf.benchSyncOnSubscribe2","","","","","","","BOTH_UNSET","BOTH_UNSET","BOTH_UNSET","","","","","","","BOTH_UNSET","BOTH_UNSET","BOTH_UNSET","","","","","","","true","true","","false","false","","false","false","","false","false","","rx.observables.MultiInput","1","false","false","false","false","false","size=rx.observables.MultiInput","size=1&size=1000&size=1000000","1","1","","false","cddc1741f7288506b099f73a775d2f512eb72a5276c25c81fde44fff1f784f60"
"nurkiewicz/RxJava","","1.11.3","","","rx.observables.SyncOnSubscribePerf.benchFromIterable2","","","","","","","BOTH_UNSET","BOTH_UNSET","BOTH_UNSET","","","","","","","BOTH_UNSET","BOTH_UNSET","BOTH_UNSET","","","","","","","true","true","","false","false","","false","false","","false","false","","rx.observables.MultiInput","1","false","false","false","false","false","size=rx.observables.MultiInput","size=1&size=1000&size=1000000","1","1","","false","7eaa1ab1efe2f9d97fa0b9b16f5fffe32ad9162056e0c85788d79652799cc893"
"nurkiewicz/RxJava","","1.11.3","","","rx.observables.BlockingObservablePerf.benchSingle","","","","","","","BOTH_UNSET","BOTH_UNSET","BOTH_UNSET","","","","","","","BOTH_UNSET","BOTH_UNSET","BOTH_UNSET","","","","","","","true","true","","false","false","","false","false","","false","false","","rx.observables.SingleInput","1","false","false","false","false","false","size=rx.observables.SingleInput","size=1","1","1","int","false","587b9eeaa534c7d25886306fa13eb21ad23e8db45bb0b959c2a6fcdbd6040a96"
"nurkiewicz/RxJava","","1.11.3","","","rx.observables.BlockingObservablePerf.benchFirst","","","","","","","BOTH_UNSET","BOTH_UNSET","BOTH_UNSET","","","","","","","BOTH_UNSET","BOTH_UNSET","BOTH_UNSET","","","","","","","true","true","","false","false","","false","false","","false","false","","rx.observables.MultiInput","1","false","false","false","false","false","size=rx.observables.MultiInput","size=1&size=1000&size=1000000","1","1","int","false","7d78fa84518da6265301c039b99c4ec11332b0bd3d22354809f4053dc905df6f"
"nurkiewicz/RxJava","","1.11.3","","","rx.observables.BlockingObservablePerf.benchLast","","","","","","","BOTH_UNSET","BOTH_UNSET","BOTH_UNSET","","","","","","","BOTH_UNSET","BOTH_UNSET","BOTH_UNSET","","","","","","","true","true","","false","false","","false","false","","false","false","","rx.observables.MultiInput","1","false","false","false","false","false","size=rx.observables.MultiInput","size=1&size=1000&size=1000000","1","1","int","false","4af69a84c32ec80225b1985c1bad4de15ee5019d3c3c7abaa2fb33b45f977e13"
"nurkiewicz/RxJava","","1.11.3","","","rx.ObservablePerfBaseline.observableConsumption","","","","","","","BOTH_UNSET","BOTH_UNSET","BOTH_UNSET","","","","","","","BOTH_UNSET","BOTH_UNSET","BOTH_UNSET","","","","","","","true","true","","false","false","","false","false","","false","false","","rx.ObservablePerfBaseline.Input","1","false","false","false","false","false","size=rx.ObservablePerfBaseline.Input","size=1&size=1000&size=1000000","1","1","","false","34979ed6d48e171d53ed410a1c61292da2c38b3b0cd7940b5652da85be9a974e"
"nurkiewicz/RxJava","","1.11.3","","","rx.ObservablePerfBaseline.observableViaRange","","","","","","","BOTH_UNSET","BOTH_UNSET","BOTH_UNSET","","","","","","","BOTH_UNSET","BOTH_UNSET","BOTH_UNSET","","","","","","","true","true","","false","false","","false","false","","false","false","","rx.ObservablePerfBaseline.Input","1","false","false","false","false","false","size=rx.ObservablePerfBaseline.Input","size=1&size=1000&size=1000000","1","1","","false","bc95de4349c63c6122080433a2e8e8bfca569235a97c3145440c24b694271f83"
"nurkiewicz/RxJava","","1.11.3","","","rx.ObservablePerfBaseline.observableConsumptionUnsafe","","","","","","","BOTH_UNSET","BOTH_UNSET","BOTH_UNSET","","","","","","","BOTH_UNSET","BOTH_UNSET","BOTH_UNSET","","","","","","","true","true","","false","false","","false","false","","false","false","","rx.ObservablePerfBaseline.Input","1","false","false","false","false","false","size=rx.ObservablePerfBaseline.Input","size=1&size=1000&size=1000000","1","1","","false","e74faa7f8ec28df270bcc9de23ce551773e9bda31c296c5ad333b54a5bfb8349"
"nurkiewicz/RxJava","","1.11.3","","","rx.ObservablePerfBaseline.observableViaRangeUnsafe","","","","","","","BOTH_UNSET","BOTH_UNSET","BOTH_UNSET","","","","","","","BOTH_UNSET","BOTH_UNSET","BOTH_UNSET","","","","","","","true","true","","false","false","","false","false","","false","false","","rx.ObservablePerfBaseline.Input","1","false","false","false","false","false","size=rx.ObservablePerfBaseline.Input","size=1&size=1000&size=1000000","1","1","","false","1f20c1c3595c0753a9d131090236ba399849e989c841ca156d5c6db171fa41ca"
"nurkiewicz/RxJava","","1.11.3","","","rx.ObservablePerfBaseline.iterableViaForLoopConsumption","","","","","","","BOTH_UNSET","BOTH_UNSET","BOTH_UNSET","","","","","","","BOTH_UNSET","BOTH_UNSET","BOTH_UNSET","","","","","","","true","true","","false","false","","false","false","","false","false","","rx.ObservablePerfBaseline.Input","1","false","false","false","false","false","size=rx.ObservablePerfBaseline.Input","size=1&size=1000&size=1000000","1","1","","false","4fa1f3ea318abcc9d1e9ac7ede170e27a610184b59bf00da0508591544cdb3c7"
"nurkiewicz/RxJava","","1.11.3","","","rx.ObservablePerfBaseline.iterableViaHasNextConsumption","","","","","","","BOTH_UNSET","BOTH_UNSET","BOTH_UNSET","","","","","","","BOTH_UNSET","BOTH_UNSET","BOTH_UNSET","","","","","","","true","true","","false","false","","false","false","","false","false","","rx.ObservablePerfBaseline.Input","1","false","false","false","false","false","size=rx.ObservablePerfBaseline.Input","size=1&size=1000&size=1000000","1","1","","false","96d776d7f73ee377f5901e4d5046714297cd06c39582eb1b0c24749e8a45ca7a"
"nurkiewicz/RxJava","","1.11.3","","","rx.operators.OperatorPublishPerf.benchmark","","","","","","","BOTH_UNSET","BOTH_UNSET","BOTH_UNSET","","","","","","","BOTH_UNSET","BOTH_UNSET","BOTH_UNSET","","","","","","","true","true","","false","false","","false","false","","false","false","","org.openjdk.jmh.infra.Blackhole","1","true","false","false","false","false","size=rx.operators.OperatorPublishPerf&async=rx.operators.OperatorPublishPerf&childCount=rx.operators.OperatorPublishPerf&batchFrequency=rx.operators.OperatorPublishPerf","size=1&size=1000&size=1000000&async=false&async=true&childCount=0&childCount=1&childCount=2&childCount=3&childCount=4&childCount=5&batchFrequency=1&batchFrequency=2&batchFrequency=4&batchFrequency=8&batchFrequency=16&batchFrequency=32&batchFrequency=64","4","0","","false","2aa8166de0eff09473a677f3b6ba7901c336cf8b61a19c955bd410c95e3dfa66"
"nurkiewicz/RxJava","","1.11.3","","","rx.operators.ZipPerf.baseline","","","","","","","BOTH_UNSET","BOTH_UNSET","BOTH_UNSET","","","","","","","BOTH_UNSET","BOTH_UNSET","BOTH_UNSET","","","","","","","true","true","","false","false","","false","false","","false","false","","org.openjdk.jmh.infra.Blackhole","1","true","false","false","false","false","firstLen=rx.operators.ZipPerf&secondLen=rx.operators.ZipPerf","firstLen=1&firstLen=1000&firstLen=1000000&secondLen=1&secondLen=1000&secondLen=1000000","2","0","","false","2a4d6cc33791c333694a5b12845ce849ae0c0bbbd77ab1c72fb8bf9a2087d970"
"nurkiewicz/RxJava","","1.11.3","","","rx.operators.ZipPerf.syncSync","","","","","","","BOTH_UNSET","BOTH_UNSET","BOTH_UNSET","","","","","","","BOTH_UNSET","BOTH_UNSET","BOTH_UNSET","","","","","","","true","true","","false","false","","false","false","","false","false","","org.openjdk.jmh.infra.Blackhole","1","true","false","false","false","false","firstLen=rx.operators.ZipPerf&secondLen=rx.operators.ZipPerf","firstLen=1&firstLen=1000&firstLen=1000000&secondLen=1&secondLen=1000&secondLen=1000000","2","0","","false","167428f139dbccdada715d5ea5e0b41b6a66c4fb9cc504ef3fdd8a1129215d3b"
"nurkiewicz/RxJava","","1.11.3","","","rx.operators.ZipPerf.syncAsync","","","","","","","BOTH_UNSET","BOTH_UNSET","BOTH_UNSET","","","","","","","BOTH_UNSET","BOTH_UNSET","BOTH_UNSET","","","","","","","true","true","","false","false","","false","false","","false","false","","org.openjdk.jmh.infra.Blackhole","1","true","false","false","false","false","firstLen=rx.operators.ZipPerf&secondLen=rx.operators.ZipPerf","firstLen=1&firstLen=1000&firstLen=1000000&secondLen=1&secondLen=1000&secondLen=1000000","2","0","","false","10611b7d8b9194d6181418e94e1e49b812bfe9a9b055545fe64a2b011239415a"
"nurkiewicz/RxJava","","1.11.3","","","rx.operators.ZipPerf.asyncSync","","","","","","","BOTH_UNSET","BOTH_UNSET","BOTH_UNSET","","","","","","","BOTH_UNSET","BOTH_UNSET","BOTH_UNSET","","","","","","","true","true","","false","false","","false","false","","false","false","","org.openjdk.jmh.infra.Blackhole","1","true","false","false","false","false","firstLen=rx.operators.ZipPerf&secondLen=rx.operators.ZipPerf","firstLen=1&firstLen=1000&firstLen=1000000&secondLen=1&secondLen=1000&secondLen=1000000","2","0","","false","02e0fe2e5cb46f96009ee93ddb15393fe4c55cb2a16bdd0e1ac119fb20c0419f"
"nurkiewicz/RxJava","","1.11.3","","","rx.operators.ZipPerf.asyncAsync","","","","","","","BOTH_UNSET","BOTH_UNSET","BOTH_UNSET","","","","","","","BOTH_UNSET","BOTH_UNSET","BOTH_UNSET","","","","","","","true","true","","false","false","","false","false","","false","false","","org.openjdk.jmh.infra.Blackhole","1","true","false","false","false","false","firstLen=rx.operators.ZipPerf&secondLen=rx.operators.ZipPerf","firstLen=1&firstLen=1000&firstLen=1000000&secondLen=1&secondLen=1000&secondLen=1000000","2","0","","false","12ec97fa9f103d1282b1ffbc5344b6fc68be6dd30261f03ce9fd98f2c1f9f629"
"nurkiewicz/RxJava","","1.11.3","","","rx.operators.OperatorFlatMapPerf.flatMapIntPassthruSync","","","","","","","BOTH_UNSET","BOTH_UNSET","BOTH_UNSET","","","","","","","BOTH_UNSET","BOTH_UNSET","BOTH_UNSET","","","","","","","true","true","","false","false","","false","false","","false","false","","rx.operators.OperatorFlatMapPerf.Input","1","false","false","false","false","false","size=rx.operators.OperatorFlatMapPerf.Input","size=1&size=1000&size=1000000","1","1","","false","c7e0e9c83bcbda928f49d287bc823898aecd1e92f8702782f328ce549e21d614"
"nurkiewicz/RxJava","","1.11.3","","","rx.operators.OperatorFlatMapPerf.flatMapIntPassthruAsync","","","","","","","BOTH_UNSET","BOTH_UNSET","BOTH_UNSET","","","","","","","BOTH_UNSET","BOTH_UNSET","BOTH_UNSET","","","","","","","true","true","","false","false","","false","false","","false","false","","rx.operators.OperatorFlatMapPerf.Input","1","false","false","false","false","false","size=rx.operators.OperatorFlatMapPerf.Input","size=1&size=1000&size=1000000","1","1","","false","91a83530b74efe7fa658d1aa22210c88afc7e152f51cfe2793f4be440afdf835"
"nurkiewicz/RxJava","","1.11.3","","","rx.operators.OperatorFlatMapPerf.flatMapTwoNestedSync","","","","","","","BOTH_UNSET","BOTH_UNSET","BOTH_UNSET","","","","","","","BOTH_UNSET","BOTH_UNSET","BOTH_UNSET","","","","","","","true","true","","false","false","","false","false","","false","false","","rx.operators.OperatorFlatMapPerf.Input","1","false","false","false","false","false","size=rx.operators.OperatorFlatMapPerf.Input","size=1&size=1000&size=1000000","1","1","","false","3ccae5e24b2f2f8bd04b56535f954816268c0efd99119ef3e37c4a34f4335103"
"nurkiewicz/RxJava","","1.11.3","","","rx.operators.ConcatPerf.normal","","","","","","","BOTH_UNSET","BOTH_UNSET","BOTH_UNSET","","","","","","","BOTH_UNSET","BOTH_UNSET","BOTH_UNSET","","","","","","","true","true","","false","false","","false","false","","false","false","","org.openjdk.jmh.infra.Blackhole","1","true","false","false","false","false","count=rx.operators.ConcatPerf","count=1&count=1000&count=1000000","1","0","","false","89c8f84c3c98c3df3bb74cee2507b8ab3d810a7c1d8810b1f4cfa43dde82050f"
"nurkiewicz/RxJava","","1.11.3","","","rx.operators.ConcatPerf.baseline","","","","","","","BOTH_UNSET","BOTH_UNSET","BOTH_UNSET","","","","","","","BOTH_UNSET","BOTH_UNSET","BOTH_UNSET","","","","","","","true","true","","false","false","","false","false","","false","false","","org.openjdk.jmh.infra.Blackhole","1","true","false","false","false","false","count=rx.operators.ConcatPerf","count=1&count=1000&count=1000000","1","0","","false","2a4d6cc33791c333694a5b12845ce849ae0c0bbbd77ab1c72fb8bf9a2087d970"
"nurkiewicz/RxJava","","1.11.3","","","rx.operators.FlatMapPerf.rxFlatMap","5","5","","","","","BOTH_UNSET","BOTH_UNSET","BOTH_UNSET","5","5","","1000000000","1000000000","","BOTH_SET","BOTH_SET","BOTH_UNSET","1","1","","","","","true","true","","false","false","","false","false","","false","false","","","0","false","false","false","false","false","times=rx.operators.FlatMapPerf","times=1&times=1000&times=1000000","1","0","java.lang.Object","false","5c72537e54280d3e77009a02d4216b0a6a0421b68a474b84185c34399342d39b"
"nurkiewicz/RxJava","","1.11.3","","","rx.operators.FlatMapPerf.rxFlatMap2","5","5","","","","","BOTH_UNSET","BOTH_UNSET","BOTH_UNSET","5","5","","1000000000","1000000000","","BOTH_SET","BOTH_SET","BOTH_UNSET","1","1","","","","","true","true","","false","false","","false","false","","false","false","","","0","false","false","false","false","false","times=rx.operators.FlatMapPerf","times=1&times=1000&times=1000000","1","0","java.lang.Object","false","bbd68b727dee72827ec6daf0994415cbff26a99cb1cb68089505faaeafe936a1"
"nurkiewicz/RxJava","","1.11.3","","","rx.operators.OperatorSerializePerf.noSerializationSingleThreaded","","","","","","","BOTH_UNSET","BOTH_UNSET","BOTH_UNSET","","","","","","","BOTH_UNSET","BOTH_UNSET","BOTH_UNSET","","","","","","","true","true","","false","false","","false","false","","false","false","","rx.operators.OperatorSerializePerf.Input","1","false","false","false","false","false","size=rx.operators.OperatorSerializePerf.Input","size=1&size=1000&size=1000000","1","1","","false","210bd083d8b0836b3392fbe67a0fe3e6183e389cbba65b6664dba62f6b308a0b"
"nurkiewicz/RxJava","","1.11.3","","","rx.operators.OperatorSerializePerf.serializedSingleStream","","","","","","","BOTH_UNSET","BOTH_UNSET","BOTH_UNSET","","","","","","","BOTH_UNSET","BOTH_UNSET","BOTH_UNSET","","","","","","","true","true","","false","false","","false","false","","false","false","","rx.operators.OperatorSerializePerf.Input","1","false","false","false","false","false","size=rx.operators.OperatorSerializePerf.Input","size=1&size=1000&size=1000000","1","1","","false","658ab4ec1a5894ef1cc7916f8d0b1918e7c8fc84e3b2f9b6e60ca18260bf8bf0"
"nurkiewicz/RxJava","","1.11.3","","","rx.operators.OperatorSerializePerf.serializedTwoStreamsHighlyContended","","","","","","","BOTH_UNSET","BOTH_UNSET","BOTH_UNSET","","","","","","","BOTH_UNSET","BOTH_UNSET","BOTH_UNSET","","","","","","","true","true","","false","false","","false","false","","false","false","","rx.operators.OperatorSerializePerf.Input","1","false","false","false","false","false","size=rx.operators.OperatorSerializePerf.Input","size=1&size=1000&size=1000000","1","1","","false","8e4919018f966fdcf2e0834951246cfdd8e7aeefbca6b53729530efdc0ccbc0d"
"nurkiewicz/RxJava","","1.11.3","","","rx.operators.OperatorSerializePerf.serializedTwoStreamsSlightlyContended","","","","","","","BOTH_UNSET","BOTH_UNSET","BOTH_UNSET","","","","","","","BOTH_UNSET","BOTH_UNSET","BOTH_UNSET","","","","","","","true","true","","false","false","","false","false","","false","false","","rx.operators.OperatorSerializePerf.InputWithInterval","1","false","false","false","false","false","size=rx.operators.OperatorSerializePerf.InputWithInterval","size=1&size=1000","1","1","","false","e88063ef776d718caae46ae618c8ab001216d52d29287daaa45293adc54c9f5f"
"nurkiewicz/RxJava","","1.11.3","","","rx.operators.OperatorSerializePerf.serializedTwoStreamsOneFastOneSlow","","","","","","","BOTH_UNSET","BOTH_UNSET","BOTH_UNSET","","","","","","","BOTH_UNSET","BOTH_UNSET","BOTH_UNSET","","","","","","","true","true","","false","false","","false","false","","false","false","","rx.operators.OperatorSerializePerf.InputWithInterval","1","false","false","false","false","false","size=rx.operators.OperatorSerializePerf.InputWithInterval","size=1&size=1000","1","1","","false","52eec45f1fa81fdb9366f0f58d28efe65802ef81ef31ed30887f02511b3fffb9"
"nurkiewicz/RxJava","","1.11.3","","","rx.operators.OperatorMergePerf.oneStreamOfNthatMergesIn1","","","","","","","BOTH_UNSET","BOTH_UNSET","BOTH_UNSET","","","","","","","BOTH_UNSET","BOTH_UNSET","BOTH_UNSET","","","","","","","true","true","","false","false","","false","false","","false","false","","rx.operators.OperatorMergePerf.InputMillion","1","false","false","false","false","false","size=rx.operators.OperatorMergePerf.InputMillion","size=1&size=1000&size=1000000","1","1","","false","eaa762b4a5786847822c8114b2ea6868279ab50bc01bea8de3130e4982c853fd"
"nurkiewicz/RxJava","","1.11.3","","","rx.operators.OperatorMergePerf.merge1SyncStreamOfN","","","","","","","BOTH_UNSET","BOTH_UNSET","BOTH_UNSET","","","","","","","BOTH_UNSET","BOTH_UNSET","BOTH_UNSET","","","","","","","true","true","","false","false","","false","false","","false","false","","rx.operators.OperatorMergePerf.InputMillion","1","false","false","false","false","false","size=rx.operators.OperatorMergePerf.InputMillion","size=1&size=1000&size=1000000","1","1","","false","ca43e613853cbca7b23815c5737708b74c933f922dfbf6b4970ea32079dc557c"
"nurkiewicz/RxJava","","1.11.3","","","rx.operators.OperatorMergePerf.mergeNSyncStreamsOfN","","","","","","","BOTH_UNSET","BOTH_UNSET","BOTH_UNSET","","","","","","","BOTH_UNSET","BOTH_UNSET","BOTH_UNSET","","","","","","","true","true","","false","false","","false","false","","false","false","","rx.operators.OperatorMergePerf.InputThousand","1","false","false","false","false","false","size=rx.operators.OperatorMergePerf.InputThousand","size=1&size=1000","1","1","","false","0622cc598f44cbdaf8b82b104e5810f83716ffb2c97ed9e2c2d04b611a7eccd3"
"nurkiewicz/RxJava","","1.11.3","","","rx.operators.OperatorMergePerf.mergeNAsyncStreamsOfN","","","","","","","BOTH_UNSET","BOTH_UNSET","BOTH_UNSET","","","","","","","BOTH_UNSET","BOTH_UNSET","BOTH_UNSET","","","","","","","true","true","","false","false","","false","false","","false","false","","rx.operators.OperatorMergePerf.InputThousand","1","false","false","false","false","false","size=rx.operators.OperatorMergePerf.InputThousand","size=1&size=1000","1","1","","false","a29d3d9e6e539c8e7a53bf6b9ddd7dd6877ef32983ca70a3252b0aca01dcad93"
"nurkiewicz/RxJava","","1.11.3","","","rx.operators.OperatorMergePerf.mergeTwoAsyncStreamsOfN","","","","","","","BOTH_UNSET","BOTH_UNSET","BOTH_UNSET","","","","","","","BOTH_UNSET","BOTH_UNSET","BOTH_UNSET","","","","","","","true","true","","false","false","","false","false","","false","false","","rx.operators.OperatorMergePerf.InputThousand","1","false","false","false","false","false","size=rx.operators.OperatorMergePerf.InputThousand","size=1&size=1000","1","1","","false","ac52fdaa356268b395537f2ff300a8dd8ca30281c350a11e71f1d30c62f47aee"
"nurkiewicz/RxJava","","1.11.3","","","rx.operators.OperatorMergePerf.mergeNSyncStreamsOf1","","","","","","","BOTH_UNSET","BOTH_UNSET","BOTH_UNSET","","","","","","","BOTH_UNSET","BOTH_UNSET","BOTH_UNSET","","","","","","","true","true","","false","false","","false","false","","false","false","","rx.operators.OperatorMergePerf.InputForMergeN","1","false","false","false","false","false","size=rx.operators.OperatorMergePerf.InputForMergeN","size=1&size=100&size=1000","1","1","","false","729ed960f616c0bc61490498b78e2328b72d2b3e581a107b80758893d7bbac79"
"nurkiewicz/RxJava","","1.11.3","","","rx.operators.ConcatMapInterablePerf.justPlain","","","","","","","BOTH_UNSET","BOTH_UNSET","BOTH_UNSET","","","","","","","BOTH_UNSET","BOTH_UNSET","BOTH_UNSET","","","","","","","true","true","","false","false","","false","false","","false","false","","org.openjdk.jmh.infra.Blackhole","1","true","false","false","false","false","count=rx.operators.ConcatMapInterablePerf","count=1&count=10&count=100&count=1000&count=10000&count=100000&count=1000000","1","0","","false","2eba8c253d7006be02cbc03fc5643472bc9a7b497cd4616cb2aa717881d70fb8"
"nurkiewicz/RxJava","","1.11.3","","","rx.operators.ConcatMapInterablePerf.justIterable","","","","","","","BOTH_UNSET","BOTH_UNSET","BOTH_UNSET","","","","","","","BOTH_UNSET","BOTH_UNSET","BOTH_UNSET","","","","","","","true","true","","false","false","","false","false","","false","false","","org.openjdk.jmh.infra.Blackhole","1","true","false","false","false","false","count=rx.operators.ConcatMapInterablePerf","count=1&count=10&count=100&count=1000&count=10000&count=100000&count=1000000","1","0","","false","38e759aec14fbfc211f09c4bbb92512095b38d918a7bab0acdcf09a9ee0b14a6"
"nurkiewicz/RxJava","","1.11.3","","","rx.operators.ConcatMapInterablePerf.rangePlain","","","","","","","BOTH_UNSET","BOTH_UNSET","BOTH_UNSET","","","","","","","BOTH_UNSET","BOTH_UNSET","BOTH_UNSET","","","","","","","true","true","","false","false","","false","false","","false","false","","org.openjdk.jmh.infra.Blackhole","1","true","false","false","false","false","count=rx.operators.ConcatMapInterablePerf","count=1&count=10&count=100&count=1000&count=10000&count=100000&count=1000000","1","0","","false","76f8e63560a2a40e1f83b38a890481c173fa09ebac5567ab7f3038b1037851c6"
"nurkiewicz/RxJava","","1.11.3","","","rx.operators.ConcatMapInterablePerf.rangeIterable","","","","","","","BOTH_UNSET","BOTH_UNSET","BOTH_UNSET","","","","","","","BOTH_UNSET","BOTH_UNSET","BOTH_UNSET","","","","","","","true","true","","false","false","","false","false","","false","false","","org.openjdk.jmh.infra.Blackhole","1","true","false","false","false","false","count=rx.operators.ConcatMapInterablePerf","count=1&count=10&count=100&count=1000&count=10000&count=100000&count=1000000","1","0","","false","2f2b9a83f6a0a4d6562e443cb6087359df2b6465a00b6a06001f92e11a13538c"
"nurkiewicz/RxJava","","1.11.3","","","rx.operators.ConcatMapInterablePerf.xrangePlain","","","","","","","BOTH_UNSET","BOTH_UNSET","BOTH_UNSET","","","","","","","BOTH_UNSET","BOTH_UNSET","BOTH_UNSET","","","","","","","true","true","","false","false","","false","false","","false","false","","org.openjdk.jmh.infra.Blackhole","1","true","false","false","false","false","count=rx.operators.ConcatMapInterablePerf","count=1&count=10&count=100&count=1000&count=10000&count=100000&count=1000000","1","0","","false","5dd52f9ba5df852f9bdd861e4eb24385fa59f8360bdaa8cad1437f3dc1afe8ee"
"nurkiewicz/RxJava","","1.11.3","","","rx.operators.ConcatMapInterablePerf.xrangeIterable","","","","","","","BOTH_UNSET","BOTH_UNSET","BOTH_UNSET","","","","","","","BOTH_UNSET","BOTH_UNSET","BOTH_UNSET","","","","","","","true","true","","false","false","","false","false","","false","false","","org.openjdk.jmh.infra.Blackhole","1","true","false","false","false","false","count=rx.operators.ConcatMapInterablePerf","count=1&count=10&count=100&count=1000&count=10000&count=100000&count=1000000","1","0","","false","6269fd40156c7e58f82ba5bbb6773d5d1ba5a44becc7c6d2cb36b8f3cc38d00a"
"nurkiewicz/RxJava","","1.11.3","","","rx.operators.ConcatMapInterablePerf.chainPlain","","","","","","","BOTH_UNSET","BOTH_UNSET","BOTH_UNSET","","","","","","","BOTH_UNSET","BOTH_UNSET","BOTH_UNSET","","","","","","","true","true","","false","false","","false","false","","false","false","","org.openjdk.jmh.infra.Blackhole","1","true","false","false","false","false","count=rx.operators.ConcatMapInterablePerf","count=1&count=10&count=100&count=1000&count=10000&count=100000&count=1000000","1","0","","false","d4ddc58ca44874d0a73c90f858c01f4655eb69212443d07f84f7fc6809928b56"
"nurkiewicz/RxJava","","1.11.3","","","rx.operators.ConcatMapInterablePerf.chainIterable","","","","","","","BOTH_UNSET","BOTH_UNSET","BOTH_UNSET","","","","","","","BOTH_UNSET","BOTH_UNSET","BOTH_UNSET","","","","","","","true","true","","false","false","","false","false","","false","false","","org.openjdk.jmh.infra.Blackhole","1","true","false","false","false","false","count=rx.operators.ConcatMapInterablePerf","count=1&count=10&count=100&count=1000&count=10000&count=100000&count=1000000","1","0","","false","f2f5fa2ef74a0c16ef6e0f44f022756fe3cdc86e6a87e6d7c0a80445f0d17cd8"
"nurkiewicz/RxJava","","1.11.3","","","rx.operators.FromComparison.fastpathIterable","","","","","","","BOTH_UNSET","BOTH_UNSET","BOTH_UNSET","","","","","","","BOTH_UNSET","BOTH_UNSET","BOTH_UNSET","","","","","","","true","true","","false","false","","false","false","","false","false","","org.openjdk.jmh.infra.Blackhole","1","true","false","false","false","false","times=rx.operators.FromComparison","times=1&times=10&times=100&times=1000&times=1000000","1","0","","false","ec764ee790c21cb74f9a97b3521a14503a51ee6f7bc155ed0731140749fb6433"
"nurkiewicz/RxJava","","1.11.3","","","rx.operators.FromComparison.fastpathArray","","","","","","","BOTH_UNSET","BOTH_UNSET","BOTH_UNSET","","","","","","","BOTH_UNSET","BOTH_UNSET","BOTH_UNSET","","","","","","","true","true","","false","false","","false","false","","false","false","","org.openjdk.jmh.infra.Blackhole","1","true","false","false","false","false","times=rx.operators.FromComparison","times=1&times=10&times=100&times=1000&times=1000000","1","0","","false","e403edd658f7455ec62682f69e945e3f83b26f8cc6e461f22b442e4ca37cf64b"
"nurkiewicz/RxJava","","1.11.3","","","rx.operators.FromComparison.slowpathIterable","","","","","","","BOTH_UNSET","BOTH_UNSET","BOTH_UNSET","","","","","","","BOTH_UNSET","BOTH_UNSET","BOTH_UNSET","","","","","","","true","true","","false","false","","false","false","","false","false","","org.openjdk.jmh.infra.Blackhole","1","true","false","false","false","false","times=rx.operators.FromComparison","times=1&times=10&times=100&times=1000&times=1000000","1","0","","false","33406ac42288d55053c0b15f19796ba06224478b4cf25d24a68ae2545fc64b85"
"nurkiewicz/RxJava","","1.11.3","","","rx.operators.FromComparison.slowpathArray","","","","","","","BOTH_UNSET","BOTH_UNSET","BOTH_UNSET","","","","","","","BOTH_UNSET","BOTH_UNSET","BOTH_UNSET","","","","","","","true","true","","false","false","","false","false","","false","false","","org.openjdk.jmh.infra.Blackhole","1","true","false","false","false","false","times=rx.operators.FromComparison","times=1&times=10&times=100&times=1000&times=1000000","1","0","","false","fe9a7f9b65493f204feb741f387285e9836aaf0adced7d74c084d16c46cb7753"
"nurkiewicz/RxJava","","1.11.3","","","rx.operators.FromComparison.slowpathIterable2","","","","","","","BOTH_UNSET","BOTH_UNSET","BOTH_UNSET","","","","","","","BOTH_UNSET","BOTH_UNSET","BOTH_UNSET","","","","","","","true","true","","false","false","","false","false","","false","false","","org.openjdk.jmh.infra.Blackhole","1","true","false","false","false","false","times=rx.operators.FromComparison","times=1&times=10&times=100&times=1000&times=1000000","1","0","","false","b1caca68ccadeeb67c799e0d43f169a7fb07de1b0fa2ef403e2c7584ec3b8b5f"
"nurkiewicz/RxJava","","1.11.3","","","rx.operators.FromComparison.slowpathArray2","","","","","","","BOTH_UNSET","BOTH_UNSET","BOTH_UNSET","","","","","","","BOTH_UNSET","BOTH_UNSET","BOTH_UNSET","","","","","","","true","true","","false","false","","false","false","","false","false","","org.openjdk.jmh.infra.Blackhole","1","true","false","false","false","false","times=rx.operators.FromComparison","times=1&times=10&times=100&times=1000&times=1000000","1","0","","false","8ca8c225792fc20ce0f16c3539044bd3bec007c222c88a8aeb390329d016002c"
"nurkiewicz/RxJava","","1.11.3","","","rx.operators.OperatorRangePerf.rangeWithBackpressureRequest","","","","","","","BOTH_UNSET","BOTH_UNSET","BOTH_UNSET","","","","","","","BOTH_UNSET","BOTH_UNSET","BOTH_UNSET","","","","","","","true","true","","false","false","","false","false","","false","false","","rx.operators.OperatorRangePerf.InputUsingRequest","1","false","false","false","false","false","size=rx.operators.OperatorRangePerf.InputUsingRequest","size=1&size=1000&size=1000000","1","1","","false","9efeff6587e609f1520dc179de80633be51828610123969c0dc72d8f4afaccf6"
"nurkiewicz/RxJava","","1.11.3","","","rx.operators.OperatorRangePerf.rangeWithoutBackpressure","","","","","","","BOTH_UNSET","BOTH_UNSET","BOTH_UNSET","","","","","","","BOTH_UNSET","BOTH_UNSET","BOTH_UNSET","","","","","","","true","true","","false","false","","false","false","","false","false","","rx.operators.OperatorRangePerf.InputWithoutRequest","1","false","false","false","false","false","size=rx.operators.OperatorRangePerf.InputWithoutRequest","size=1&size=1000&size=1000000","1","1","","false","a455c8b4fb22650d86f5ee3d30e76ee872808e0eded18b901364ee5eb93bfd49"
"nurkiewicz/RxJava","","1.11.3","","","rx.operators.RedoPerf.baseline","","","","","","","BOTH_UNSET","BOTH_UNSET","BOTH_UNSET","","","","","","","BOTH_UNSET","BOTH_UNSET","BOTH_UNSET","","","","","","","true","true","","false","false","","false","false","","false","false","","org.openjdk.jmh.infra.Blackhole","1","true","false","false","false","false","params=rx.operators.RedoPerf","params=1,1&params=1,1000&params=1,1000000&params=1000,1&params=1000,1000&params=1000000,1","1","0","","false","2a4d6cc33791c333694a5b12845ce849ae0c0bbbd77ab1c72fb8bf9a2087d970"
"nurkiewicz/RxJava","","1.11.3","","","rx.operators.RedoPerf.repeatCounted","","","","","","","BOTH_UNSET","BOTH_UNSET","BOTH_UNSET","","","","","","","BOTH_UNSET","BOTH_UNSET","BOTH_UNSET","","","","","","","true","true","","false","false","","false","false","","false","false","","org.openjdk.jmh.infra.Blackhole","1","true","false","false","false","false","params=rx.operators.RedoPerf","params=1,1&params=1,1000&params=1,1000000&params=1000,1&params=1000,1000&params=1000000,1","1","0","","false","a5503745bfa7d9695034efb1ee05644e784a67bd8cff6cbbdb1fb696214539ff"
"nurkiewicz/RxJava","","1.11.3","","","rx.operators.RedoPerf.retryCounted","","","","","","","BOTH_UNSET","BOTH_UNSET","BOTH_UNSET","","","","","","","BOTH_UNSET","BOTH_UNSET","BOTH_UNSET","","","","","","","true","true","","false","false","","false","false","","false","false","","org.openjdk.jmh.infra.Blackhole","1","true","false","false","false","false","params=rx.operators.RedoPerf","params=1,1&params=1,1000&params=1,1000000&params=1000,1&params=1000,1000&params=1000000,1","1","0","","false","d94167e790eb3cbc1dc10ed1fefd94b064a6d25314adf44e4173a61a21ca33e2"
"nurkiewicz/RxJava","","1.11.3","","","rx.operators.RedoPerf.repeatWhen","","","","","","","BOTH_UNSET","BOTH_UNSET","BOTH_UNSET","","","","","","","BOTH_UNSET","BOTH_UNSET","BOTH_UNSET","","","","","","","true","true","","false","false","","false","false","","false","false","","org.openjdk.jmh.infra.Blackhole","1","true","false","false","false","false","params=rx.operators.RedoPerf","params=1,1&params=1,1000&params=1,1000000&params=1000,1&params=1000,1000&params=1000000,1","1","0","","false","a677574f023c784fd6450b54348ee0b7a0e4f141512764bd83ca9d4aaf199df4"
"nurkiewicz/RxJava","","1.11.3","","","rx.operators.RedoPerf.retryWhen","","","","","","","BOTH_UNSET","BOTH_UNSET","BOTH_UNSET","","","","","","","BOTH_UNSET","BOTH_UNSET","BOTH_UNSET","","","","","","","true","true","","false","false","","false","false","","false","false","","org.openjdk.jmh.infra.Blackhole","1","true","false","false","false","false","params=rx.operators.RedoPerf","params=1,1&params=1,1000&params=1,1000000&params=1000,1&params=1000,1000&params=1000000,1","1","0","","false","a7db92851ab490a8201993602899020e5a9c05c18f319ee8790ca37c28d443e0"
"nurkiewicz/RxJava","","1.11.3","","","rx.operators.FlatMapAsFilterPerf.justEmptyFlatMap","","","","","","","BOTH_UNSET","BOTH_UNSET","BOTH_UNSET","","","","","","","BOTH_UNSET","BOTH_UNSET","BOTH_UNSET","","","","","","","true","true","","false","false","","false","false","","false","false","","org.openjdk.jmh.infra.Blackhole","1","true","false","false","false","false","count=rx.operators.FlatMapAsFilterPerf&mask=rx.operators.FlatMapAsFilterPerf","count=1&count=1000&count=1000000&mask=0&mask=1&mask=3&mask=7","2","0","","false","a59147600b87404e44d34d0cfb26d5e67c23e351dc971d9d7af24787e1c59748"
"nurkiewicz/RxJava","","1.11.3","","","rx.operators.FlatMapAsFilterPerf.rangeEmptyFlatMap","","","","","","","BOTH_UNSET","BOTH_UNSET","BOTH_UNSET","","","","","","","BOTH_UNSET","BOTH_UNSET","BOTH_UNSET","","","","","","","true","true","","false","false","","false","false","","false","false","","org.openjdk.jmh.infra.Blackhole","1","true","false","false","false","false","count=rx.operators.FlatMapAsFilterPerf&mask=rx.operators.FlatMapAsFilterPerf","count=1&count=1000&count=1000000&mask=0&mask=1&mask=3&mask=7","2","0","","false","e21b872acff0f7ab83788989baea2e33590d3c9a265d8b3622b301fded27e854"
"nurkiewicz/RxJava","","1.11.3","","","rx.operators.FlatMapAsFilterPerf.justEmptyConcatMap","","","","","","","BOTH_UNSET","BOTH_UNSET","BOTH_UNSET","","","","","","","BOTH_UNSET","BOTH_UNSET","BOTH_UNSET","","","","","","","true","true","","false","false","","false","false","","false","false","","org.openjdk.jmh.infra.Blackhole","1","true","false","false","false","false","count=rx.operators.FlatMapAsFilterPerf&mask=rx.operators.FlatMapAsFilterPerf","count=1&count=1000&count=1000000&mask=0&mask=1&mask=3&mask=7","2","0","","false","9bfaf6deb0c47845e34acd0132960b0709d11a7ef0d72d48a686a3cbdd281386"
"nurkiewicz/RxJava","","1.11.3","","","rx.operators.FlatMapAsFilterPerf.rangeEmptyConcatMap","","","","","","","BOTH_UNSET","BOTH_UNSET","BOTH_UNSET","","","","","","","BOTH_UNSET","BOTH_UNSET","BOTH_UNSET","","","","","","","true","true","","false","false","","false","false","","false","false","","org.openjdk.jmh.infra.Blackhole","1","true","false","false","false","false","count=rx.operators.FlatMapAsFilterPerf&mask=rx.operators.FlatMapAsFilterPerf","count=1&count=1000&count=1000000&mask=0&mask=1&mask=3&mask=7","2","0","","false","c3907c569bd9f3ff58203ff85fa867ad4cde3dd571359cf4627b21802d00b45f"
"nurkiewicz/RxJava","","1.11.3","","","rx.operators.FromIterablePerf.from","","","","","","","BOTH_UNSET","BOTH_UNSET","BOTH_UNSET","","","","","","","BOTH_UNSET","BOTH_UNSET","BOTH_UNSET","","","","","","","true","true","","false","false","","false","false","","false","false","","org.openjdk.jmh.infra.Blackhole","1","true","false","false","false","false","size=rx.operators.FromIterablePerf","size=1&size=1000&size=1000000","1","0","","false","13d43797ff8c3a127017dd4b3e3c90a287394ca6c8e4f22baf1e9627790834e8"
"nurkiewicz/RxJava","","1.11.3","","","rx.operators.FromIterablePerf.fromUnsafe","","","","","","","BOTH_UNSET","BOTH_UNSET","BOTH_UNSET","","","","","","","BOTH_UNSET","BOTH_UNSET","BOTH_UNSET","","","","","","","true","true","","false","false","","false","false","","false","false","","org.openjdk.jmh.infra.Blackhole","1","true","false","false","false","false","size=rx.operators.FromIterablePerf","size=1&size=1000&size=1000000","1","0","","false","aebd9fe23af765b104567c2267615754aadf6e048b32e7e4d038f9192863af74"
"nurkiewicz/RxJava","","1.11.3","","","rx.operators.FromIterablePerf.direct","","","","","","","BOTH_UNSET","BOTH_UNSET","BOTH_UNSET","","","","","","","BOTH_UNSET","BOTH_UNSET","BOTH_UNSET","","","","","","","true","true","","false","false","","false","false","","false","false","","org.openjdk.jmh.infra.Blackhole","1","true","false","false","false","false","size=rx.operators.FromIterablePerf","size=1&size=1000&size=1000000","1","0","","false","33cacf1f85a390008815c5dc1dd52fae1eb0e6ddd07d8f76440351e75331294f"
"nurkiewicz/RxJava","","1.11.3","","","rx.operators.OperatorMapPerf.mapPassThruViaLift","","","","","","","BOTH_UNSET","BOTH_UNSET","BOTH_UNSET","","","","","","","BOTH_UNSET","BOTH_UNSET","BOTH_UNSET","","","","","","","true","true","","false","false","","false","false","","false","false","","rx.operators.OperatorMapPerf.Input","1","false","false","false","false","false","size=rx.operators.OperatorMapPerf.Input","size=1&size=1000&size=1000000","1","1","","false","c21ddad4b6b0e4837751f4006fd06e930e7b2a8df32e33a6add4b170555ba26b"
"nurkiewicz/RxJava","","1.11.3","","","rx.operators.OperatorMapPerf.mapPassThru","","","","","","","BOTH_UNSET","BOTH_UNSET","BOTH_UNSET","","","","","","","BOTH_UNSET","BOTH_UNSET","BOTH_UNSET","","","","","","","true","true","","false","false","","false","false","","false","false","","rx.operators.OperatorMapPerf.Input","1","false","false","false","false","false","size=rx.operators.OperatorMapPerf.Input","size=1&size=1000&size=1000000","1","1","","false","230a9819f3f711a486c07ce64da809e113f94fef501a32fadc2109178ec0f1d7"
"nurkiewicz/RxJava","","1.11.3","","","rx.operators.OperatorObserveOnPerf.observeOnComputation","","","","","","","BOTH_UNSET","BOTH_UNSET","BOTH_UNSET","","","","","","","BOTH_UNSET","BOTH_UNSET","BOTH_UNSET","","","","","","","true","true","","false","false","","false","false","","false","false","","rx.operators.OperatorObserveOnPerf.Input","1","false","false","false","false","false","size=rx.operators.OperatorObserveOnPerf.Input","size=1&size=1000&size=1000000","1","1","","false","68d1d09e5267574335550fe5f43ab6112b81dea18db6db1238e635b642bda1f8"
"nurkiewicz/RxJava","","1.11.3","","","rx.operators.OperatorObserveOnPerf.observeOnNewThread","","","","","","","BOTH_UNSET","BOTH_UNSET","BOTH_UNSET","","","","","","","BOTH_UNSET","BOTH_UNSET","BOTH_UNSET","","","","","","","true","true","","false","false","","false","false","","false","false","","rx.operators.OperatorObserveOnPerf.Input","1","false","false","false","false","false","size=rx.operators.OperatorObserveOnPerf.Input","size=1&size=1000&size=1000000","1","1","","false","be619ba0ba1383c6b137e64118ae6f600a2cd437b846224a8fc555457d043d75"
"nurkiewicz/RxJava","","1.11.3","","","rx.operators.OperatorObserveOnPerf.observeOnImmediate","","","","","","","BOTH_UNSET","BOTH_UNSET","BOTH_UNSET","","","","","","","BOTH_UNSET","BOTH_UNSET","BOTH_UNSET","","","","","","","true","true","","false","false","","false","false","","false","false","","rx.operators.OperatorObserveOnPerf.Input","1","false","false","false","false","false","size=rx.operators.OperatorObserveOnPerf.Input","size=1&size=1000&size=1000000","1","1","","false","0eaca345cf5aea7a61b1bf371d929d33e459b526f72bbcb9840a111a8f336b3c"
"nurkiewicz/RxJava","","1.11.3","","","rx.operators.OperatorObserveOnPerf.observeOnComputationSubscribedOnComputation","","","","","","","BOTH_UNSET","BOTH_UNSET","BOTH_UNSET","","","","","","","BOTH_UNSET","BOTH_UNSET","BOTH_UNSET","","","","","","","true","true","","false","false","","false","false","","false","false","","rx.operators.OperatorObserveOnPerf.Input","1","false","false","false","false","false","size=rx.operators.OperatorObserveOnPerf.Input","size=1&size=1000&size=1000000","1","1","","false","b90e4d64cd21331c8d6a2a7d90919133ff81917e9eec2f49cd24c124589b6d66"
"nurkiewicz/RxJava","","1.11.3","","","rx.operators.OperatorObserveOnPerf.observeOnNewThreadSubscribedOnComputation","","","","","","","BOTH_UNSET","BOTH_UNSET","BOTH_UNSET","","","","","","","BOTH_UNSET","BOTH_UNSET","BOTH_UNSET","","","","","","","true","true","","false","false","","false","false","","false","false","","rx.operators.OperatorObserveOnPerf.Input","1","false","false","false","false","false","size=rx.operators.OperatorObserveOnPerf.Input","size=1&size=1000&size=1000000","1","1","","false","8a930482b3ca11c4354f804a9d429b0cdf87b3fa9a4c2c63b10a241a70b74f21"
"nurkiewicz/RxJava","","1.11.3","","","rx.operators.OperatorObserveOnPerf.observeOnImmediateSubscribedOnComputation","","","","","","","BOTH_UNSET","BOTH_UNSET","BOTH_UNSET","","","","","","","BOTH_UNSET","BOTH_UNSET","BOTH_UNSET","","","","","","","true","true","","false","false","","false","false","","false","false","","rx.operators.OperatorObserveOnPerf.Input","1","false","false","false","false","false","size=rx.operators.OperatorObserveOnPerf.Input","size=1&size=1000&size=1000000","1","1","","false","c6036532e5214355bf29bbd1403bde1168386701e1ad9548b35181785ff95b33"
"nurkiewicz/RxJava","","1.11.3","","","rx.operators.OperatorTakeLastOnePerf.takeLastOneUsingTakeLast","","","","","","","BOTH_UNSET","BOTH_UNSET","BOTH_UNSET","","","","","","","BOTH_UNSET","BOTH_UNSET","BOTH_UNSET","","","","","","","","","","","","","","","","","","","rx.operators.OperatorTakeLastOnePerf.Input","1","false","false","false","false","false","size=rx.operators.OperatorTakeLastOnePerf.Input","size=5&size=100&size=1000000","1","1","","false","346f46ba228c0e4ee1a0f1542edcf9eb516dbcaadafc62781771dd14bfb06526"
"nurkiewicz/RxJava","","1.11.3","","","rx.operators.OperatorTakeLastOnePerf.takeLastOneUsingTakeLastOne","","","","","","","BOTH_UNSET","BOTH_UNSET","BOTH_UNSET","","","","","","","BOTH_UNSET","BOTH_UNSET","BOTH_UNSET","","","","","","","","","","","","","","","","","","","rx.operators.OperatorTakeLastOnePerf.Input","1","false","false","false","false","false","size=rx.operators.OperatorTakeLastOnePerf.Input","size=5&size=100&size=1000000","1","1","","false","e37123ece6ae1c4ab0d0f770878c97476cc8287eb121ed7d10dd8fc79eecb99c"
"nurkiewicz/RxJava","","1.11.3","","","rx.operators.FlatMapRangePerf.rangeFlatMapJust","","","","","","","BOTH_UNSET","BOTH_UNSET","BOTH_UNSET","","","","","","","BOTH_UNSET","BOTH_UNSET","BOTH_UNSET","","","","","","","true","true","","false","false","","false","false","","false","false","","org.openjdk.jmh.infra.Blackhole","1","true","false","false","false","false","times=rx.operators.FlatMapRangePerf","times=1&times=10&times=1000&times=1000000","1","0","","false","20a9230742b75015895fefb8771949a5f2af81f702b4a91403e36ba05711ce2b"
"nurkiewicz/RxJava","","1.11.3","","","rx.operators.FlatMapRangePerf.rangeFlatMapRange","","","","","","","BOTH_UNSET","BOTH_UNSET","BOTH_UNSET","","","","","","","BOTH_UNSET","BOTH_UNSET","BOTH_UNSET","","","","","","","true","true","","false","false","","false","false","","false","false","","org.openjdk.jmh.infra.Blackhole","1","true","false","false","false","false","times=rx.operators.FlatMapRangePerf","times=1&times=10&times=1000&times=1000000","1","0","","false","42984eff1befa50d7c315d59fba056b283d0e6ba32de96c5855fd204dfe89cce"
"nurkiewicz/RxJava","","1.11.3","","","rx.SinglePerfBaseline.singleConsumption","","","","","","","BOTH_UNSET","BOTH_UNSET","BOTH_UNSET","","","","","","","BOTH_UNSET","BOTH_UNSET","BOTH_UNSET","","","","","","","true","true","","false","false","","false","false","","false","false","","rx.SinglePerfBaseline.Input","1","false","false","false","false","false","","","0","0","","false","ea6a9b4630d447b2f1f394b5ba59f7df85ee058a980763ead524dcf011e98743"
"nurkiewicz/RxJava","","1.11.3","","","rx.SinglePerfBaseline.singleConsumptionUnsafe","","","","","","","BOTH_UNSET","BOTH_UNSET","BOTH_UNSET","","","","","","","BOTH_UNSET","BOTH_UNSET","BOTH_UNSET","","","","","","","true","true","","false","false","","false","false","","false","false","","rx.SinglePerfBaseline.Input","1","false","false","false","false","false","","","0","0","","false","a414dce8373b077927d1f3de948f20063ccf8aae72246d35e7ac51788ceb244a"
"nurkiewicz/RxJava","","1.11.3","","","rx.SinglePerfBaseline.newSingleAndSubscriberEachTime","","","","","","","BOTH_UNSET","BOTH_UNSET","BOTH_UNSET","","","","","","","BOTH_UNSET","BOTH_UNSET","BOTH_UNSET","","","","","","","true","true","","false","false","","false","false","","false","false","","rx.SinglePerfBaseline.Input","1","false","false","false","false","false","","","0","0","","false","24c556998669e8a0a06ba3fa3b925d66843f01b0bde4104a5d7e85fa6da505f6"
"nurkiewicz/RxJava","","1.11.3","","","rx.OneItemPerf.scalar","","","","","","","BOTH_UNSET","BOTH_UNSET","BOTH_UNSET","","","","","","","BOTH_UNSET","BOTH_UNSET","BOTH_UNSET","","","","","","","true","true","","false","false","","false","false","","false","false","","org.openjdk.jmh.infra.Blackhole","1","true","false","false","false","false","","","0","0","","false","b26b012cb2d062a858f1b7b4cfdd8e564f8e6ca13965fadd35ab36364ae2466a"
"nurkiewicz/RxJava","","1.11.3","","","rx.OneItemPerf.scalarHidden","","","","","","","BOTH_UNSET","BOTH_UNSET","BOTH_UNSET","","","","","","","BOTH_UNSET","BOTH_UNSET","BOTH_UNSET","","","","","","","true","true","","false","false","","false","false","","false","false","","org.openjdk.jmh.infra.Blackhole","1","true","false","false","false","false","","","0","0","","false","a31560a2db2cd5c38142386da765c614986f1c46a33abda2164cffa677c65b4a"
"nurkiewicz/RxJava","","1.11.3","","","rx.OneItemPerf.one","","","","","","","BOTH_UNSET","BOTH_UNSET","BOTH_UNSET","","","","","","","BOTH_UNSET","BOTH_UNSET","BOTH_UNSET","","","","","","","true","true","","false","false","","false","false","","false","false","","org.openjdk.jmh.infra.Blackhole","1","true","false","false","false","false","","","0","0","","false","0b9b4bdd18c665ca6f5198ec5f94b1145e1b9caf4cec48f71ba0a17bab368208"
"nurkiewicz/RxJava","","1.11.3","","","rx.OneItemPerf.single","","","","","","","BOTH_UNSET","BOTH_UNSET","BOTH_UNSET","","","","","","","BOTH_UNSET","BOTH_UNSET","BOTH_UNSET","","","","","","","true","true","","false","false","","false","false","","false","false","","org.openjdk.jmh.infra.Blackhole","1","true","false","false","false","false","","","0","0","","false","fad86e7c096949dff1f1fa107a33d272a0dfe47776afee9f40a4991a84e68283"
"nurkiewicz/RxJava","","1.11.3","","","rx.OneItemPerf.singleHidden","","","","","","","BOTH_UNSET","BOTH_UNSET","BOTH_UNSET","","","","","","","BOTH_UNSET","BOTH_UNSET","BOTH_UNSET","","","","","","","true","true","","false","false","","false","false","","false","false","","org.openjdk.jmh.infra.Blackhole","1","true","false","false","false","false","","","0","0","","false","08fe952eca920a010c64401272d2182d23ff8309091ff2e9735797d9f47dbff7"
"nurkiewicz/RxJava","","1.11.3","","","rx.OneItemPerf.scalarConcat","","","","","","","BOTH_UNSET","BOTH_UNSET","BOTH_UNSET","","","","","","","BOTH_UNSET","BOTH_UNSET","BOTH_UNSET","","","","","","","true","true","","false","false","","false","false","","false","false","","org.openjdk.jmh.infra.Blackhole","1","true","false","false","false","false","","","0","0","","false","b6759b01b47c28a661e34fe898f9547083b9ec27ad9bc5bdb1b9571108c9f152"
"nurkiewicz/RxJava","","1.11.3","","","rx.OneItemPerf.scalarHiddenConcat","","","","","","","BOTH_UNSET","BOTH_UNSET","BOTH_UNSET","","","","","","","BOTH_UNSET","BOTH_UNSET","BOTH_UNSET","","","","","","","true","true","","false","false","","false","false","","false","false","","org.openjdk.jmh.infra.Blackhole","1","true","false","false","false","false","","","0","0","","false","732df2ba66a01300e6c2f9b24259e65659b7e86dc98496e320bbd019ac4e45d7"
"nurkiewicz/RxJava","","1.11.3","","","rx.OneItemPerf.oneConcat","","","","","","","BOTH_UNSET","BOTH_UNSET","BOTH_UNSET","","","","","","","BOTH_UNSET","BOTH_UNSET","BOTH_UNSET","","","","","","","true","true","","false","false","","false","false","","false","false","","org.openjdk.jmh.infra.Blackhole","1","true","false","false","false","false","","","0","0","","false","102b7bd452264a2e380d5e2ad1ddde4da56c5a5c88586641d533525ddde111fb"
"nurkiewicz/RxJava","","1.11.3","","","rx.OneItemPerf.scalarMerge","","","","","","","BOTH_UNSET","BOTH_UNSET","BOTH_UNSET","","","","","","","BOTH_UNSET","BOTH_UNSET","BOTH_UNSET","","","","","","","true","true","","false","false","","false","false","","false","false","","org.openjdk.jmh.infra.Blackhole","1","true","false","false","false","false","","","0","0","","false","c7daf6de9bda159d698261847d61cc7329afa28ec1ac140bebfea56116a32ce0"
"nurkiewicz/RxJava","","1.11.3","","","rx.OneItemPerf.scalarHiddenMerge","","","","","","","BOTH_UNSET","BOTH_UNSET","BOTH_UNSET","","","","","","","BOTH_UNSET","BOTH_UNSET","BOTH_UNSET","","","","","","","true","true","","false","false","","false","false","","false","false","","org.openjdk.jmh.infra.Blackhole","1","true","false","false","false","false","","","0","0","","false","7aa94bd211fd25d7ce1463e2907aa963db3185b937b2c0250a7234ee6e5a61cc"
"nurkiewicz/RxJava","","1.11.3","","","rx.OneItemPerf.oneMerge","","","","","","","BOTH_UNSET","BOTH_UNSET","BOTH_UNSET","","","","","","","BOTH_UNSET","BOTH_UNSET","BOTH_UNSET","","","","","","","true","true","","false","false","","false","false","","false","false","","org.openjdk.jmh.infra.Blackhole","1","true","false","false","false","false","","","0","0","","false","aca443d8bc6ae6fed1fd60117ec6b6625f850110d077292eafe6f47ac6a1d0e3"
"nurkiewicz/RxJava","","1.11.3","","","rx.OneItemPerf.singleMerge","","","","","","","BOTH_UNSET","BOTH_UNSET","BOTH_UNSET","","","","","","","BOTH_UNSET","BOTH_UNSET","BOTH_UNSET","","","","","","","true","true","","false","false","","false","false","","false","false","","org.openjdk.jmh.infra.Blackhole","1","true","false","false","false","false","","","0","0","","false","327ab8eabd863d30b32ee58396a8085bb6386f184ba7d1e7d29571e14db1ae14"
"nurkiewicz/RxJava","","1.11.3","","","rx.OneItemPerf.singleHiddenMerge","","","","","","","BOTH_UNSET","BOTH_UNSET","BOTH_UNSET","","","","","","","BOTH_UNSET","BOTH_UNSET","BOTH_UNSET","","","","","","","true","true","","false","false","","false","false","","false","false","","org.openjdk.jmh.infra.Blackhole","1","true","false","false","false","false","","","0","0","","false","3b7c725d6a20862e9cbe819ef99b374327449cd32e1bbfbca3ea7569a76de626"
"nurkiewicz/RxJava","","1.11.3","","","rx.OneItemPerf.scalarSwitch","","","","","","","BOTH_UNSET","BOTH_UNSET","BOTH_UNSET","","","","","","","BOTH_UNSET","BOTH_UNSET","BOTH_UNSET","","","","","","","true","true","","false","false","","false","false","","false","false","","org.openjdk.jmh.infra.Blackhole","1","true","false","false","false","false","","","0","0","","false","ff8e07c14b20a80d515ae85c1bfab704d0ee9cb900ca21dd0c555284615f0469"
"nurkiewicz/RxJava","","1.11.3","","","rx.OneItemPerf.scalarHiddenSwitch","","","","","","","BOTH_UNSET","BOTH_UNSET","BOTH_UNSET","","","","","","","BOTH_UNSET","BOTH_UNSET","BOTH_UNSET","","","","","","","true","true","","false","false","","false","false","","false","false","","org.openjdk.jmh.infra.Blackhole","1","true","false","false","false","false","","","0","0","","false","686e5db5bbcb8806672cfaded95369e09877ae9e150a5665a86da122dfd42a70"
"nurkiewicz/RxJava","","1.11.3","","","rx.OneItemPerf.oneSwitch","","","","","","","BOTH_UNSET","BOTH_UNSET","BOTH_UNSET","","","","","","","BOTH_UNSET","BOTH_UNSET","BOTH_UNSET","","","","","","","true","true","","false","false","","false","false","","false","false","","org.openjdk.jmh.infra.Blackhole","1","true","false","false","false","false","","","0","0","","false","481d114f1fb477451bb15a809377f371aabc9d08b6fe4b3e54314d7dfa83714d"
"nurkiewicz/RxJava","","1.11.3","","","rx.ScalarJustPerf.simple","","","","","","","BOTH_UNSET","BOTH_UNSET","BOTH_UNSET","","","","","","","BOTH_UNSET","BOTH_UNSET","BOTH_UNSET","","","","","","","true","true","","false","false","","false","false","","false","false","","org.openjdk.jmh.infra.Blackhole","1","true","false","false","false","false","","","0","0","","false","63e9c07403e6b9e52749689f5f3bcaffb9562fd4fbb49c066d269cc3adfef88c"
"nurkiewicz/RxJava","","1.11.3","","","rx.ScalarJustPerf.simpleEscape","","","","","","","BOTH_UNSET","BOTH_UNSET","BOTH_UNSET","","","","","","","BOTH_UNSET","BOTH_UNSET","BOTH_UNSET","","","","","","","true","true","","false","false","","false","false","","false","false","","org.openjdk.jmh.infra.Blackhole","1","true","false","false","false","false","","","0","0","","false","1a3c0e57169601c0b6c5a551eaa972c4f0866ca3fcf50cd8792b35a85b29c9e1"
"nurkiewicz/RxJava","","1.11.3","","","rx.ScalarJustPerf.simpleEscapeAll","","","","","","","BOTH_UNSET","BOTH_UNSET","BOTH_UNSET","","","","","","","BOTH_UNSET","BOTH_UNSET","BOTH_UNSET","","","","","","","true","true","","false","false","","false","false","","false","false","","org.openjdk.jmh.infra.Blackhole","1","true","false","false","false","false","","","0","0","java.lang.Object","false","a1fcf2ca1df279986b26d7aff49de38891b813a5c48d0b537078776c7d46339f"
"nurkiewicz/RxJava","","1.11.3","","","rx.ScalarJustPerf.observeOn","","","","","","","BOTH_UNSET","BOTH_UNSET","BOTH_UNSET","","","","","","","BOTH_UNSET","BOTH_UNSET","BOTH_UNSET","","","","","","","true","true","","false","false","","false","false","","false","false","","org.openjdk.jmh.infra.Blackhole","1","true","false","false","false","false","","","0","0","","false","ea98a8ae992c453d25fee83495b4f4e1bf970002f3620822da68ef5fd2ec99f8"
"nurkiewicz/RxJava","","1.11.3","","","rx.ScalarJustPerf.observeOnIO","","","","","","","BOTH_UNSET","BOTH_UNSET","BOTH_UNSET","","","","","","","BOTH_UNSET","BOTH_UNSET","BOTH_UNSET","","","","","","","true","true","","false","false","","false","false","","false","false","","org.openjdk.jmh.infra.Blackhole","1","true","false","false","false","false","","","0","0","","false","664da438f96a75d5849bc94f05ca04c67a37c667cf53d1c3c32c1f90621d6d71"
"nurkiewicz/RxJava","","1.11.3","","","rx.ScalarJustPerf.subscribeOn","","","","","","","BOTH_UNSET","BOTH_UNSET","BOTH_UNSET","","","","","","","BOTH_UNSET","BOTH_UNSET","BOTH_UNSET","","","","","","","true","true","","false","false","","false","false","","false","false","","org.openjdk.jmh.infra.Blackhole","1","true","false","false","false","false","","","0","0","","false","bce2db5ab6fad9c9f1e02255b76f01b449e5bddbc60d40fd94d462b23e11bf75"
"nurkiewicz/RxJava","","1.11.3","","","rx.ScalarJustPerf.subscribeOnIO","","","","","","","BOTH_UNSET","BOTH_UNSET","BOTH_UNSET","","","","","","","BOTH_UNSET","BOTH_UNSET","BOTH_UNSET","","","","","","","true","true","","false","false","","false","false","","false","false","","org.openjdk.jmh.infra.Blackhole","1","true","false","false","false","false","","","0","0","","false","0e79fdae75623a981768309a303221396282dbbe328e543915d8b33842169ede"
"nurkiewicz/RxJava","","1.11.3","","","rx.ScalarJustPerf.justFlatMapJust","","","","","","","BOTH_UNSET","BOTH_UNSET","BOTH_UNSET","","","","","","","BOTH_UNSET","BOTH_UNSET","BOTH_UNSET","","","","","","","true","true","","false","false","","false","false","","false","false","","org.openjdk.jmh.infra.Blackhole","1","true","false","false","false","false","","","0","0","","false","1368c5f39f9ddf3ae680aa0be9cee0b84fd12b885f3977e3756d46a499a35c26"
"nurkiewicz/RxJava","","1.11.3","","","rx.ScalarJustPerf.justFlatMapJustEscape","","","","","","","BOTH_UNSET","BOTH_UNSET","BOTH_UNSET","","","","","","","BOTH_UNSET","BOTH_UNSET","BOTH_UNSET","","","","","","","true","true","","false","false","","false","false","","false","false","","org.openjdk.jmh.infra.Blackhole","1","true","false","false","false","false","","","0","0","","false","db12946f2315e4c430a6fb649e64dd76e24e60a53f96ea9dc0da0044b787a443"
"nurkiewicz/RxJava","","1.11.3","","","rx.ScalarJustPerf.justFlatMapRange","","","","","","","BOTH_UNSET","BOTH_UNSET","BOTH_UNSET","","","","","","","BOTH_UNSET","BOTH_UNSET","BOTH_UNSET","","","","","","","true","true","","false","false","","false","false","","false","false","","org.openjdk.jmh.infra.Blackhole","1","true","false","false","false","false","","","0","0","","false","c78d6c1b5b59675f07bc0627c7fbf36ad67b558cde45e92b3036fbe5feed1931"
"nurkiewicz/RxJava","","1.11.3","","","rx.ScalarJustPerf.justFlatMapRangeEscape","","","","","","","BOTH_UNSET","BOTH_UNSET","BOTH_UNSET","","","","","","","BOTH_UNSET","BOTH_UNSET","BOTH_UNSET","","","","","","","true","true","","false","false","","false","false","","false","false","","org.openjdk.jmh.infra.Blackhole","1","true","false","false","false","false","","","0","0","","false","003f4a1d534bf595054b8bbbba3eec4f9c18aa34558fafcfec2a588d4aaf57a5"
"nurkiewicz/RxJava","","1.11.3","","","rx.internal.IndexedRingBufferPerf.indexedRingBufferAdd","","","","","","","BOTH_UNSET","BOTH_UNSET","BOTH_UNSET","","","","","","","BOTH_UNSET","BOTH_UNSET","BOTH_UNSET","","","","","","","","","","","","","","","","","","","rx.internal.IndexedRingBufferPerf.IndexedRingBufferInput","1","false","false","false","false","false","size=rx.internal.IndexedRingBufferPerf.IndexedRingBufferInput","size=100&size=10000","1","1","","false","07cd0849fc3a3348152684a8cbea00f7353b83ead8db54e4994d64b113fa9cb1"
"nurkiewicz/RxJava","","1.11.3","","","rx.internal.IndexedRingBufferPerf.indexedRingBufferAddRemove","","","","","","","BOTH_UNSET","BOTH_UNSET","BOTH_UNSET","","","","","","","BOTH_UNSET","BOTH_UNSET","BOTH_UNSET","","","","","","","","","","","","","","","","","","","rx.internal.IndexedRingBufferPerf.IndexedRingBufferInput","1","false","false","false","false","false","size=rx.internal.IndexedRingBufferPerf.IndexedRingBufferInput","size=100&size=10000","1","1","","false","f01e4be66109d605c7ab072c5d0a92616bd53b6e099f0d674eb083fbe4c89697"
"nurkiewicz/RxJava","","1.11.3","","","rx.internal.RxRingBufferPerf.spmcRingBufferAddRemove1","","","","","","","BOTH_UNSET","BOTH_UNSET","BOTH_UNSET","","","","","","","BOTH_UNSET","BOTH_UNSET","BOTH_UNSET","","","","","","","true","true","","false","false","","false","false","","false","false","","rx.internal.RxRingBufferPerf.SpmcInput","1","false","false","false","false","false","","","0","0","","false","6b023cfad85c83c73e7f774694faa62b38ac20b4ccfc98193619ef047725b298"
"nurkiewicz/RxJava","","1.11.3","","","rx.internal.RxRingBufferPerf.spmcRingBufferAddRemove1000","","","","","","","BOTH_UNSET","BOTH_UNSET","BOTH_UNSET","","","","","","","BOTH_UNSET","BOTH_UNSET","BOTH_UNSET","","","","","","","true","true","","false","false","","false","false","","false","false","","rx.internal.RxRingBufferPerf.SpmcInput","1","false","false","false","false","false","","","0","0","","false","dd04004fe7a3ffbe6a776e1540edd41b1cba0419d190b4479157ebe5cb2c9fc2"
"nurkiewicz/RxJava","","1.11.3","","","rx.internal.RxRingBufferPerf.spmcCreateUseAndDestroy1000","","","","","","","BOTH_UNSET","BOTH_UNSET","BOTH_UNSET","","","","","","","BOTH_UNSET","BOTH_UNSET","BOTH_UNSET","","","","","","","true","true","","false","false","","false","false","","false","false","","rx.internal.RxRingBufferPerf.Input","1","false","false","false","false","false","","","0","0","","false","8c66155cf60fc91d04bf1c807e00df81b56db8477899b05da4ac8afa7fc4a4ca"
"nurkiewicz/RxJava","","1.11.3","","","rx.internal.RxRingBufferPerf.spmcCreateUseAndDestroy1","","","","","","","BOTH_UNSET","BOTH_UNSET","BOTH_UNSET","","","","","","","BOTH_UNSET","BOTH_UNSET","BOTH_UNSET","","","","","","","true","true","","false","false","","false","false","","false","false","","rx.internal.RxRingBufferPerf.Input","1","false","false","false","false","false","","","0","0","","false","99fac7fc288252103714674f660baa1d28731e0b14a7a2725258efe73a2f9855"
"nurkiewicz/RxJava","","1.11.3","","","rx.internal.RxRingBufferPerf.spscRingBufferAddRemove1","","","","","","","BOTH_UNSET","BOTH_UNSET","BOTH_UNSET","","","","","","","BOTH_UNSET","BOTH_UNSET","BOTH_UNSET","","","","","","","true","true","","false","false","","false","false","","false","false","","rx.internal.RxRingBufferPerf.SpscInput","1","false","false","false","false","false","","","0","0","","false","7d78c6142493f1f5bc61e56bd3239fe3f259c6a5b66e2997409a424629274282"
"nurkiewicz/RxJava","","1.11.3","","","rx.internal.RxRingBufferPerf.spscRingBufferAddRemove1000","","","","","","","BOTH_UNSET","BOTH_UNSET","BOTH_UNSET","","","","","","","BOTH_UNSET","BOTH_UNSET","BOTH_UNSET","","","","","","","true","true","","false","false","","false","false","","false","false","","rx.internal.RxRingBufferPerf.SpscInput","1","false","false","false","false","false","","","0","0","","false","c9c90e7dc8d98b7a8fca78aea2bfc05ab6661eae9faa94c290f935ad60ba6087"
"nurkiewicz/RxJava","","1.11.3","","","rx.internal.RxRingBufferPerf.spscCreateUseAndDestroy1000","","","","","","","BOTH_UNSET","BOTH_UNSET","BOTH_UNSET","","","","","","","BOTH_UNSET","BOTH_UNSET","BOTH_UNSET","","","","","","","true","true","","false","false","","false","false","","false","false","","rx.internal.RxRingBufferPerf.Input","1","false","false","false","false","false","","","0","0","","false","6f17768fd4c3e5d6d7a03181996519ca54251d9071aaed5cc78b9d7d2568e7ec"
"nurkiewicz/RxJava","","1.11.3","","","rx.internal.RxRingBufferPerf.spscCreateUseAndDestroy1","","","","","","","BOTH_UNSET","BOTH_UNSET","BOTH_UNSET","","","","","","","BOTH_UNSET","BOTH_UNSET","BOTH_UNSET","","","","","","","true","true","","false","false","","false","false","","false","false","","rx.internal.RxRingBufferPerf.Input","1","false","false","false","false","false","","","0","0","","false","fa2383a67a4e7936885c3050665842faf6c2bb1c56371cfa06b613fb150a401c"
"nurkiewicz/RxJava","","1.11.3","","","rx.internal.AtomicPerf.volatileIntRead","","","","","","","BOTH_UNSET","BOTH_UNSET","BOTH_UNSET","","","","","","","BOTH_UNSET","BOTH_UNSET","BOTH_UNSET","","","","","","","true","true","","false","false","","false","false","","false","false","","rx.internal.AtomicPerf.VolatileIntState&rx.internal.AtomicPerf.Times&org.openjdk.jmh.infra.Blackhole","3","true","false","false","false","false","times=rx.internal.AtomicPerf.Times","times=1&times=1000&times=1000000","1","1","","false","bba3a0b70138c3d37b37169b34fb80daa8eeafbb4bbe4e573da206b86f6f74a2"
"nurkiewicz/RxJava","","1.11.3","","","rx.internal.AtomicPerf.volatileLongRead","","","","","","","BOTH_UNSET","BOTH_UNSET","BOTH_UNSET","","","","","","","BOTH_UNSET","BOTH_UNSET","BOTH_UNSET","","","","","","","true","true","","false","false","","false","false","","false","false","","rx.internal.AtomicPerf.VolatileLongState&rx.internal.AtomicPerf.Times&org.openjdk.jmh.infra.Blackhole","3","true","false","false","false","false","times=rx.internal.AtomicPerf.Times","times=1&times=1000&times=1000000","1","1","","false","f108458ca518554586c57f85e0e1dfd48e5a7fb549ac0375dc7a2b6b3f2988b3"
"nurkiewicz/RxJava","","1.11.3","","","rx.internal.AtomicPerf.volatileIntWrite","","","","","","","BOTH_UNSET","BOTH_UNSET","BOTH_UNSET","","","","","","","BOTH_UNSET","BOTH_UNSET","BOTH_UNSET","","","","","","","true","true","","false","false","","false","false","","false","false","","rx.internal.AtomicPerf.VolatileIntState&rx.internal.AtomicPerf.Times","2","false","false","false","false","false","times=rx.internal.AtomicPerf.Times","times=1&times=1000&times=1000000","1","1","","false","9dc3df7e8de6f2a9e09cbbaefaa2fa584c947f1234be0b909e2871df79e2ae6f"
"nurkiewicz/RxJava","","1.11.3","","","rx.internal.AtomicPerf.volatileLongWrite","","","","","","","BOTH_UNSET","BOTH_UNSET","BOTH_UNSET","","","","","","","BOTH_UNSET","BOTH_UNSET","BOTH_UNSET","","","","","","","true","true","","false","false","","false","false","","false","false","","rx.internal.AtomicPerf.VolatileLongState&rx.internal.AtomicPerf.Times","2","false","false","false","false","false","times=rx.internal.AtomicPerf.Times","times=1&times=1000&times=1000000","1","1","","false","dcb19d457dcb624c1d21a45f4abd01c80dd051d147c0c96e13e682e087c5d45e"
"nurkiewicz/RxJava","","1.11.3","","","rx.internal.AtomicPerf.atomicIntIncrementAndGet","","","","","","","BOTH_UNSET","BOTH_UNSET","BOTH_UNSET","","","","","","","BOTH_UNSET","BOTH_UNSET","BOTH_UNSET","","","","","","","true","true","","false","false","","false","false","","false","false","","rx.internal.AtomicPerf.AtomicIntState&rx.internal.AtomicPerf.Times&org.openjdk.jmh.infra.Blackhole","3","true","false","false","false","false","times=rx.internal.AtomicPerf.Times","times=1&times=1000&times=1000000","1","1","","false","147fa0cd0b62954d82393120bbaa8850567e2779872f68e2466cb09a8278f609"
"nurkiewicz/RxJava","","1.11.3","","","rx.internal.AtomicPerf.atomicIntGetAndIncrement","","","","","","","BOTH_UNSET","BOTH_UNSET","BOTH_UNSET","","","","","","","BOTH_UNSET","BOTH_UNSET","BOTH_UNSET","","","","","","","true","true","","false","false","","false","false","","false","false","","rx.internal.AtomicPerf.AtomicIntState&rx.internal.AtomicPerf.Times&org.openjdk.jmh.infra.Blackhole","3","true","false","false","false","false","times=rx.internal.AtomicPerf.Times","times=1&times=1000&times=1000000","1","1","","false","91e99fef9b80509fdb268f3948c966fe72220f7c4bf5e5329533a076150b8692"
"nurkiewicz/RxJava","","1.11.3","","","rx.internal.AtomicPerf.atomicLongIncrementAndGet","","","","","","","BOTH_UNSET","BOTH_UNSET","BOTH_UNSET","","","","","","","BOTH_UNSET","BOTH_UNSET","BOTH_UNSET","","","","","","","true","true","","false","false","","false","false","","false","false","","rx.internal.AtomicPerf.AtomicLongState&rx.internal.AtomicPerf.Times&org.openjdk.jmh.infra.Blackhole","3","true","false","false","false","false","times=rx.internal.AtomicPerf.Times","times=1&times=1000&times=1000000","1","1","","false","6c73b46499669183afbc7d3706dda6717bf211dd4b8b4fbe0b9da5e76d5435e6"
"nurkiewicz/RxJava","","1.11.3","","","rx.internal.AtomicPerf.atomicLongGetAndIncrement","","","","","","","BOTH_UNSET","BOTH_UNSET","BOTH_UNSET","","","","","","","BOTH_UNSET","BOTH_UNSET","BOTH_UNSET","","","","","","","true","true","","false","false","","false","false","","false","false","","rx.internal.AtomicPerf.AtomicLongState&rx.internal.AtomicPerf.Times&org.openjdk.jmh.infra.Blackhole","3","true","false","false","false","false","times=rx.internal.AtomicPerf.Times","times=1&times=1000&times=1000000","1","1","","false","48003a1533582f0ea7b04b6f96ef9ff6d60d4ec9b9fe075e3e91d1fd2e12cd63"
"nurkiewicz/RxJava","","1.11.3","","","rx.internal.AtomicPerf.atomicIntLazySet","","","","","","","BOTH_UNSET","BOTH_UNSET","BOTH_UNSET","","","","","","","BOTH_UNSET","BOTH_UNSET","BOTH_UNSET","","","","","","","true","true","","false","false","","false","false","","false","false","","rx.internal.AtomicPerf.AtomicIntState&rx.internal.AtomicPerf.Times&org.openjdk.jmh.infra.Blackhole","3","true","false","false","false","false","times=rx.internal.AtomicPerf.Times","times=1&times=1000&times=1000000","1","1","","false","161af750a65990e1048843ff293e013f59dc0a1fecd95e3dc21650100ce0be30"
"nurkiewicz/RxJava","","1.11.3","","","rx.internal.AtomicPerf.atomicLongLazySet","","","","","","","BOTH_UNSET","BOTH_UNSET","BOTH_UNSET","","","","","","","BOTH_UNSET","BOTH_UNSET","BOTH_UNSET","","","","","","","true","true","","false","false","","false","false","","false","false","","rx.internal.AtomicPerf.AtomicLongState&rx.internal.AtomicPerf.Times&org.openjdk.jmh.infra.Blackhole","3","true","false","false","false","false","times=rx.internal.AtomicPerf.Times","times=1&times=1000&times=1000000","1","1","","false","c7f86a56e923ed3216efeb7434680f3e74248c30063a5d7ddd1f2d93ac4fb92b"
"nurkiewicz/RxJava","","1.11.3","","","rx.internal.AtomicPerf.atomicIntCASSuccess","","","","","","","BOTH_UNSET","BOTH_UNSET","BOTH_UNSET","","","","","","","BOTH_UNSET","BOTH_UNSET","BOTH_UNSET","","","","","","","true","true","","false","false","","false","false","","false","false","","rx.internal.AtomicPerf.AtomicIntState&rx.internal.AtomicPerf.Times&org.openjdk.jmh.infra.Blackhole","3","true","false","false","false","false","times=rx.internal.AtomicPerf.Times","times=1&times=1000&times=1000000","1","1","","false","0ac1854e5f0e1e997974533e86376315ebde9bf0b058f7a93663dad94419809e"
"nurkiewicz/RxJava","","1.11.3","","","rx.internal.AtomicPerf.atomicLongCASSuccess","","","","","","","BOTH_UNSET","BOTH_UNSET","BOTH_UNSET","","","","","","","BOTH_UNSET","BOTH_UNSET","BOTH_UNSET","","","","","","","true","true","","false","false","","false","false","","false","false","","rx.internal.AtomicPerf.AtomicLongState&rx.internal.AtomicPerf.Times&org.openjdk.jmh.infra.Blackhole","3","true","false","false","false","false","times=rx.internal.AtomicPerf.Times","times=1&times=1000&times=1000000","1","1","","false","4101c73fe0332eeabd55b1ef56bf4956b2e7ce32b0105b7c7a8dcf393cabab83"
"nurkiewicz/RxJava","","1.11.3","","","rx.internal.AtomicPerf.atomicIntCASCheckSuccess","","","","","","","BOTH_UNSET","BOTH_UNSET","BOTH_UNSET","","","","","","","BOTH_UNSET","BOTH_UNSET","BOTH_UNSET","","","","","","","true","true","","false","false","","false","false","","false","false","","rx.internal.AtomicPerf.AtomicIntState&rx.internal.AtomicPerf.Times&org.openjdk.jmh.infra.Blackhole","3","true","false","false","false","false","times=rx.internal.AtomicPerf.Times","times=1&times=1000&times=1000000","1","1","","false","da3f5436b2c210dcbbc512045bbdd246ee7e44b5bed7860dd48e02bfa4471525"
"nurkiewicz/RxJava","","1.11.3","","","rx.internal.AtomicPerf.atomicLongCASCheckSuccess","","","","","","","BOTH_UNSET","BOTH_UNSET","BOTH_UNSET","","","","","","","BOTH_UNSET","BOTH_UNSET","BOTH_UNSET","","","","","","","true","true","","false","false","","false","false","","false","false","","rx.internal.AtomicPerf.AtomicLongState&rx.internal.AtomicPerf.Times&org.openjdk.jmh.infra.Blackhole","3","true","false","false","false","false","times=rx.internal.AtomicPerf.Times","times=1&times=1000&times=1000000","1","1","","false","e7362fe9999ad5152d56c2e456e06559a691c12dcc9dce7c38b40c09a5258763"
"nurkiewicz/RxJava","","1.11.3","","","rx.internal.AtomicPerf.atomicIntCASFailure","","","","","","","BOTH_UNSET","BOTH_UNSET","BOTH_UNSET","","","","","","","BOTH_UNSET","BOTH_UNSET","BOTH_UNSET","","","","","","","true","true","","false","false","","false","false","","false","false","","rx.internal.AtomicPerf.AtomicIntState&rx.internal.AtomicPerf.Times&org.openjdk.jmh.infra.Blackhole","3","true","false","false","false","false","times=rx.internal.AtomicPerf.Times","times=1&times=1000&times=1000000","1","1","","false","41e5c40f4dd55d92a4ae16c5d4b99a9e2f3516c633b80182d9d8e4af3fb4e607"
"nurkiewicz/RxJava","","1.11.3","","","rx.internal.AtomicPerf.atomicLongCASFailure","","","","","","","BOTH_UNSET","BOTH_UNSET","BOTH_UNSET","","","","","","","BOTH_UNSET","BOTH_UNSET","BOTH_UNSET","","","","","","","true","true","","false","false","","false","false","","false","false","","rx.internal.AtomicPerf.AtomicLongState&rx.internal.AtomicPerf.Times&org.openjdk.jmh.infra.Blackhole","3","true","false","false","false","false","times=rx.internal.AtomicPerf.Times","times=1&times=1000&times=1000000","1","1","","false","83e54578ba3f71b14afcea665381c5a8a8616475038c79faf2f27944b48e3beb"
"nurkiewicz/RxJava","","1.11.3","","","rx.internal.AtomicPerf.atomicIntCASCheckFailure","","","","","","","BOTH_UNSET","BOTH_UNSET","BOTH_UNSET","","","","","","","BOTH_UNSET","BOTH_UNSET","BOTH_UNSET","","","","","","","true","true","","false","false","","false","false","","false","false","","rx.internal.AtomicPerf.AtomicIntState&rx.internal.AtomicPerf.Times&org.openjdk.jmh.infra.Blackhole","3","true","false","false","false","false","times=rx.internal.AtomicPerf.Times","times=1&times=1000&times=1000000","1","1","","false","2cb181fa360e18146e6a4a60c3ad17cf9aaa2226f13fed582046baf7731acb57"
"nurkiewicz/RxJava","","1.11.3","","","rx.internal.AtomicPerf.atomicLongCASCheckFailure","","","","","","","BOTH_UNSET","BOTH_UNSET","BOTH_UNSET","","","","","","","BOTH_UNSET","BOTH_UNSET","BOTH_UNSET","","","","","","","true","true","","false","false","","false","false","","false","false","","rx.internal.AtomicPerf.AtomicLongState&rx.internal.AtomicPerf.Times&org.openjdk.jmh.infra.Blackhole","3","true","false","false","false","false","times=rx.internal.AtomicPerf.Times","times=1&times=1000&times=1000000","1","1","","false","007afe84f9b580d46fe115013efbd1e2e7731e5ed9cc3e61c12d5d480c3d55e2"
"nurkiewicz/RxJava","","1.11.3","","","rx.internal.AtomicPerf.atomicIntFieldIncrementAndGet","","","","","","","BOTH_UNSET","BOTH_UNSET","BOTH_UNSET","","","","","","","BOTH_UNSET","BOTH_UNSET","BOTH_UNSET","","","","","","","true","true","","false","false","","false","false","","false","false","","rx.internal.AtomicPerf.VolatileIntFieldState&rx.internal.AtomicPerf.Times&org.openjdk.jmh.infra.Blackhole","3","true","false","false","false","false","times=rx.internal.AtomicPerf.Times","times=1&times=1000&times=1000000","1","1","","false","7faa82d8cd2b285be69439ddb11f521807c98c12bc05177c3313fa95c9224df2"
"nurkiewicz/RxJava","","1.11.3","","","rx.internal.AtomicPerf.atomicIntFieldGetAndIncrement","","","","","","","BOTH_UNSET","BOTH_UNSET","BOTH_UNSET","","","","","","","BOTH_UNSET","BOTH_UNSET","BOTH_UNSET","","","","","","","true","true","","false","false","","false","false","","false","false","","rx.internal.AtomicPerf.VolatileIntFieldState&rx.internal.AtomicPerf.Times&org.openjdk.jmh.infra.Blackhole","3","true","false","false","false","false","times=rx.internal.AtomicPerf.Times","times=1&times=1000&times=1000000","1","1","","false","2a294f18778ab2161d03e28a5578cd10e64f6c652cd8e7553d532104539e7879"
"nurkiewicz/RxJava","","1.11.3","","","rx.internal.AtomicPerf.atomicLongFieldIncrementAndGet","","","","","","","BOTH_UNSET","BOTH_UNSET","BOTH_UNSET","","","","","","","BOTH_UNSET","BOTH_UNSET","BOTH_UNSET","","","","","","","true","true","","false","false","","false","false","","false","false","","rx.internal.AtomicPerf.VolatileLongFieldState&rx.internal.AtomicPerf.Times&org.openjdk.jmh.infra.Blackhole","3","true","false","false","false","false","times=rx.internal.AtomicPerf.Times","times=1&times=1000&times=1000000","1","1","","false","6d71b5937b1b8d5f618b52bb51c4040e14963d071d1913feb02c85d833f50e26"
"nurkiewicz/RxJava","","1.11.3","","","rx.internal.AtomicPerf.atomicLongFieldGetAndIncrement","","","","","","","BOTH_UNSET","BOTH_UNSET","BOTH_UNSET","","","","","","","BOTH_UNSET","BOTH_UNSET","BOTH_UNSET","","","","","","","true","true","","false","false","","false","false","","false","false","","rx.internal.AtomicPerf.VolatileLongFieldState&rx.internal.AtomicPerf.Times&org.openjdk.jmh.infra.Blackhole","3","true","false","false","false","false","times=rx.internal.AtomicPerf.Times","times=1&times=1000&times=1000000","1","1","","false","83e2dffa227e12242d546894934f9304faba31d3a1a9f0342a386886ca0e92b1"
"nurkiewicz/RxJava","","1.11.3","","","rx.internal.AtomicPerf.atomicIntFieldLazySet","","","","","","","BOTH_UNSET","BOTH_UNSET","BOTH_UNSET","","","","","","","BOTH_UNSET","BOTH_UNSET","BOTH_UNSET","","","","","","","true","true","","false","false","","false","false","","false","false","","rx.internal.AtomicPerf.VolatileIntFieldState&rx.internal.AtomicPerf.Times&org.openjdk.jmh.infra.Blackhole","3","true","false","false","false","false","times=rx.internal.AtomicPerf.Times","times=1&times=1000&times=1000000","1","1","","false","34e05acfed8c05d3c832091437c64d121b28ef62afa278b18d0a6268fbacabcb"
"nurkiewicz/RxJava","","1.11.3","","","rx.internal.AtomicPerf.atomicLongFieldLazySet","","","","","","","BOTH_UNSET","BOTH_UNSET","BOTH_UNSET","","","","","","","BOTH_UNSET","BOTH_UNSET","BOTH_UNSET","","","","","","","true","true","","false","false","","false","false","","false","false","","rx.internal.AtomicPerf.VolatileLongFieldState&rx.internal.AtomicPerf.Times&org.openjdk.jmh.infra.Blackhole","3","true","false","false","false","false","times=rx.internal.AtomicPerf.Times","times=1&times=1000&times=1000000","1","1","","false","55052d6d8983da9e1be56200fd2d97b4ebac00b072c317fb6b3369b66a8179cf"
"nurkiewicz/RxJava","","1.11.3","","","rx.internal.AtomicPerf.atomicIntFieldCASSuccess","","","","","","","BOTH_UNSET","BOTH_UNSET","BOTH_UNSET","","","","","","","BOTH_UNSET","BOTH_UNSET","BOTH_UNSET","","","","","","","true","true","","false","false","","false","false","","false","false","","rx.internal.AtomicPerf.VolatileIntFieldState&rx.internal.AtomicPerf.Times&org.openjdk.jmh.infra.Blackhole","3","true","false","false","false","false","times=rx.internal.AtomicPerf.Times","times=1&times=1000&times=1000000","1","1","","false","1c87fefb83a598de27733d2193d083446eeecf48d761314e46821a913038e149"
"nurkiewicz/RxJava","","1.11.3","","","rx.internal.AtomicPerf.atomicLongFieldCASSuccess","","","","","","","BOTH_UNSET","BOTH_UNSET","BOTH_UNSET","","","","","","","BOTH_UNSET","BOTH_UNSET","BOTH_UNSET","","","","","","","true","true","","false","false","","false","false","","false","false","","rx.internal.AtomicPerf.VolatileLongFieldState&rx.internal.AtomicPerf.Times&org.openjdk.jmh.infra.Blackhole","3","true","false","false","false","false","times=rx.internal.AtomicPerf.Times","times=1&times=1000&times=1000000","1","1","","false","6ae45860c0f724dccc37ab7c85614acc655845f0ec61946db2486428353791b1"
"nurkiewicz/RxJava","","1.11.3","","","rx.internal.AtomicPerf.atomicIntFieldCASFailure","","","","","","","BOTH_UNSET","BOTH_UNSET","BOTH_UNSET","","","","","","","BOTH_UNSET","BOTH_UNSET","BOTH_UNSET","","","","","","","true","true","","false","false","","false","false","","false","false","","rx.internal.AtomicPerf.VolatileIntFieldState&rx.internal.AtomicPerf.Times&org.openjdk.jmh.infra.Blackhole","3","true","false","false","false","false","times=rx.internal.AtomicPerf.Times","times=1&times=1000&times=1000000","1","1","","false","a253c70daedff18d7b4248a5833a3eb8068a2911a7075202243a2e8f283a9dd7"
"nurkiewicz/RxJava","","1.11.3","","","rx.internal.AtomicPerf.atomicLongFieldCASFailure","","","","","","","BOTH_UNSET","BOTH_UNSET","BOTH_UNSET","","","","","","","BOTH_UNSET","BOTH_UNSET","BOTH_UNSET","","","","","","","true","true","","false","false","","false","false","","false","false","","rx.internal.AtomicPerf.VolatileLongFieldState&rx.internal.AtomicPerf.Times&org.openjdk.jmh.infra.Blackhole","3","true","false","false","false","false","times=rx.internal.AtomicPerf.Times","times=1&times=1000&times=1000000","1","1","","false","c7671584cb8767644f7a6c966e4a5736e806c43ecfc8c0466471e1abf64e664d"
"nurkiewicz/RxJava","","1.11.3","","","rx.internal.AtomicPerf.atomicIntGetAndSet","","","","","","","BOTH_UNSET","BOTH_UNSET","BOTH_UNSET","","","","","","","BOTH_UNSET","BOTH_UNSET","BOTH_UNSET","","","","","","","true","true","","false","false","","false","false","","false","false","","rx.internal.AtomicPerf.AtomicIntState&rx.internal.AtomicPerf.Times&org.openjdk.jmh.infra.Blackhole","3","true","false","false","false","false","times=rx.internal.AtomicPerf.Times","times=1&times=1000&times=1000000","1","1","","false","1e964ed98a18cbbc8e463a56d8e2028d6d252f9718fc4ae1d11a6ea5c53b990f"
"nurkiewicz/RxJava","","1.11.3","","","rx.internal.AtomicPerf.atomicLongGetAndSet","","","","","","","BOTH_UNSET","BOTH_UNSET","BOTH_UNSET","","","","","","","BOTH_UNSET","BOTH_UNSET","BOTH_UNSET","","","","","","","true","true","","false","false","","false","false","","false","false","","rx.internal.AtomicPerf.AtomicLongState&rx.internal.AtomicPerf.Times&org.openjdk.jmh.infra.Blackhole","3","true","false","false","false","false","times=rx.internal.AtomicPerf.Times","times=1&times=1000&times=1000000","1","1","","false","164f4e3da8d2939199857620f79a9b9762cbf1f66e84c7fda63e21d8917dbf31"
"nurkiewicz/RxJava","","1.11.3","","","rx.SingleSourcePerf.direct","","","","","","","BOTH_UNSET","BOTH_UNSET","BOTH_UNSET","","","","","","","BOTH_UNSET","BOTH_UNSET","BOTH_UNSET","","","","","","","true","true","","false","false","","false","false","","false","false","","org.openjdk.jmh.infra.Blackhole","1","true","false","false","false","false","","","0","0","","false","049ab43c944cdf9e8682b29aedc0f80fb4e1078c1f67cf591c647b7309c4a039"
"nurkiewicz/RxJava","","1.11.3","","","rx.SingleSourcePerf.flatmap","","","","","","","BOTH_UNSET","BOTH_UNSET","BOTH_UNSET","","","","","","","BOTH_UNSET","BOTH_UNSET","BOTH_UNSET","","","","","","","true","true","","false","false","","false","false","","false","false","","org.openjdk.jmh.infra.Blackhole","1","true","false","false","false","false","","","0","0","","false","7ca2b29ee7571b6b616544638ac18be34e17f37dedca23467057a3940b4c8455"
"nurkiewicz/RxJava","","1.11.3","","","rx.SingleSourcePerf.flatmapConst","","","","","","","BOTH_UNSET","BOTH_UNSET","BOTH_UNSET","","","","","","","BOTH_UNSET","BOTH_UNSET","BOTH_UNSET","","","","","","","true","true","","false","false","","false","false","","false","false","","org.openjdk.jmh.infra.Blackhole","1","true","false","false","false","false","","","0","0","","false","d73f199356eaee8fdac153a3530737c64077e2ea770ef89f67d959b26466c400"
"nurkiewicz/RxJava","","1.11.3","","","rx.SingleSourcePerf.observeOn","","","","","","","BOTH_UNSET","BOTH_UNSET","BOTH_UNSET","","","","","","","BOTH_UNSET","BOTH_UNSET","BOTH_UNSET","","","","","","","true","true","","false","false","","false","false","","false","false","","org.openjdk.jmh.infra.Blackhole","1","true","false","false","false","false","","","0","0","","false","790e8b582077e87545ec3a983ccd46bd9609e8fe5c25518198214f2e78b2ddf5"
"nurkiewicz/RxJava","","1.11.3","","","rx.SingleSourcePerf.observeOnExec","","","","","","","BOTH_UNSET","BOTH_UNSET","BOTH_UNSET","","","","","","","BOTH_UNSET","BOTH_UNSET","BOTH_UNSET","","","","","","","true","true","","false","false","","false","false","","false","false","","org.openjdk.jmh.infra.Blackhole","1","true","false","false","false","false","","","0","0","","false","82dad1b4f5f8f8a742b5d882d836f6dce07c0c73c2381e04a287bbd7edf89b0b"
"nurkiewicz/RxJava","","1.11.3","","","rx.SingleSourcePerf.subscribeOn","","","","","","","BOTH_UNSET","BOTH_UNSET","BOTH_UNSET","","","","","","","BOTH_UNSET","BOTH_UNSET","BOTH_UNSET","","","","","","","true","true","","false","false","","false","false","","false","false","","org.openjdk.jmh.infra.Blackhole","1","true","false","false","false","false","","","0","0","","false","310e702b92bd43e43f62d4986a8707dab45f8cd2e1e6889f3bbd5d875f1d58b4"
"nurkiewicz/RxJava","","1.11.3","","","rx.SingleSourcePerf.subscribeOnExec","","","","","","","BOTH_UNSET","BOTH_UNSET","BOTH_UNSET","","","","","","","BOTH_UNSET","BOTH_UNSET","BOTH_UNSET","","","","","","","true","true","","false","false","","false","false","","false","false","","org.openjdk.jmh.infra.Blackhole","1","true","false","false","false","false","","","0","0","","false","1bda4103af49ce900b44872aaeeb3154441949754c284005ed2e5c2c6d4621fd"
"nurkiewicz/RxJava","","1.11.3","","","rx.SingleSourcePerf.subscribeOnSchExec","","","","","","","BOTH_UNSET","BOTH_UNSET","BOTH_UNSET","","","","","","","BOTH_UNSET","BOTH_UNSET","BOTH_UNSET","","","","","","","true","true","","false","false","","false","false","","false","false","","org.openjdk.jmh.infra.Blackhole","1","true","false","false","false","false","","","0","0","","false","7ef1839d72848e0d49aab6aa69625520ad6ad85c3c24da2a79797b27e3273a49"
"nurkiewicz/RxJava","","1.11.3","","","rx.SingleSourcePerf.observeOnSchExec","","","","","","","BOTH_UNSET","BOTH_UNSET","BOTH_UNSET","","","","","","","BOTH_UNSET","BOTH_UNSET","BOTH_UNSET","","","","","","","true","true","","false","false","","false","false","","false","false","","org.openjdk.jmh.infra.Blackhole","1","true","false","false","false","false","","","0","0","","false","c9b9831adedbcc6f1b52b0b7cad81bcc46ac5b889afb54f1bd7c311d637acc84"
