"TechEmpower/misc","","1.13","1.8","","rnd.ConcatBenchmark.reduce","20","20","","","","","BOTH_UNSET","BOTH_UNSET","BOTH_UNSET","20","20","","","","","BOTH_UNSET","BOTH_UNSET","BOTH_UNSET","1","1","","","","","false","false","","true","true","","false","false","","false","false","","org.openjdk.jmh.infra.Blackhole","1","true","false","false","false","false","p1_numberOfStreams=rnd.ConcatBenchmark&p2_elementsPerStream=rnd.ConcatBenchmark","p1_numberOfStreams=2&p1_numberOfStreams=3&p1_numberOfStreams=4&p1_numberOfStreams=5&p1_numberOfStreams=6&p1_numberOfStreams=7&p1_numberOfStreams=8&p1_numberOfStreams=16&p1_numberOfStreams=32&p1_numberOfStreams=64&p1_numberOfStreams=128&p1_numberOfStreams=256&p2_elementsPerStream=1&p2_elementsPerStream=2&p2_elementsPerStream=4&p2_elementsPerStream=8&p2_elementsPerStream=16&p2_elementsPerStream=32&p2_elementsPerStream=64&p2_elementsPerStream=128&p2_elementsPerStream=256&p2_elementsPerStream=512&p2_elementsPerStream=1024&p2_elementsPerStream=2056","2","0","","false","e2f09429a1a28793356c4cdab07d83b079a728b4dc432f7eba7af59ec1c06355"
"TechEmpower/misc","","1.13","1.8","","rnd.ConcatBenchmark.balance","20","20","","","","","BOTH_UNSET","BOTH_UNSET","BOTH_UNSET","20","20","","","","","BOTH_UNSET","BOTH_UNSET","BOTH_UNSET","1","1","","","","","false","false","","true","true","","false","false","","false","false","","org.openjdk.jmh.infra.Blackhole","1","true","false","false","false","false","p1_numberOfStreams=rnd.ConcatBenchmark&p2_elementsPerStream=rnd.ConcatBenchmark","p1_numberOfStreams=2&p1_numberOfStreams=3&p1_numberOfStreams=4&p1_numberOfStreams=5&p1_numberOfStreams=6&p1_numberOfStreams=7&p1_numberOfStreams=8&p1_numberOfStreams=16&p1_numberOfStreams=32&p1_numberOfStreams=64&p1_numberOfStreams=128&p1_numberOfStreams=256&p2_elementsPerStream=1&p2_elementsPerStream=2&p2_elementsPerStream=4&p2_elementsPerStream=8&p2_elementsPerStream=16&p2_elementsPerStream=32&p2_elementsPerStream=64&p2_elementsPerStream=128&p2_elementsPerStream=256&p2_elementsPerStream=512&p2_elementsPerStream=1024&p2_elementsPerStream=2056","2","0","","false","55d88029c1837b605c1880cef823ecdde6ddd78162d835e47bbbf09b8752ac55"
"TechEmpower/misc","","1.13","1.8","","rnd.ConcatBenchmark.flatmap","20","20","","","","","BOTH_UNSET","BOTH_UNSET","BOTH_UNSET","20","20","","","","","BOTH_UNSET","BOTH_UNSET","BOTH_UNSET","1","1","","","","","false","false","","true","true","","false","false","","false","false","","org.openjdk.jmh.infra.Blackhole","1","true","false","false","false","false","p1_numberOfStreams=rnd.ConcatBenchmark&p2_elementsPerStream=rnd.ConcatBenchmark","p1_numberOfStreams=2&p1_numberOfStreams=3&p1_numberOfStreams=4&p1_numberOfStreams=5&p1_numberOfStreams=6&p1_numberOfStreams=7&p1_numberOfStreams=8&p1_numberOfStreams=16&p1_numberOfStreams=32&p1_numberOfStreams=64&p1_numberOfStreams=128&p1_numberOfStreams=256&p2_elementsPerStream=1&p2_elementsPerStream=2&p2_elementsPerStream=4&p2_elementsPerStream=8&p2_elementsPerStream=16&p2_elementsPerStream=32&p2_elementsPerStream=64&p2_elementsPerStream=128&p2_elementsPerStream=256&p2_elementsPerStream=512&p2_elementsPerStream=1024&p2_elementsPerStream=2056","2","0","","false","d93e4c3ffdadfd20e03f0f8c6f113621bd2cb3b563a85655ae97b64f5c25a32a"
"TechEmpower/misc","","1.13","1.8","","rnd.ConcatBenchmark.overboard","20","20","","","","","BOTH_UNSET","BOTH_UNSET","BOTH_UNSET","20","20","","","","","BOTH_UNSET","BOTH_UNSET","BOTH_UNSET","1","1","","","","","false","false","","true","true","","false","false","","false","false","","org.openjdk.jmh.infra.Blackhole","1","true","false","false","false","false","p1_numberOfStreams=rnd.ConcatBenchmark&p2_elementsPerStream=rnd.ConcatBenchmark","p1_numberOfStreams=2&p1_numberOfStreams=3&p1_numberOfStreams=4&p1_numberOfStreams=5&p1_numberOfStreams=6&p1_numberOfStreams=7&p1_numberOfStreams=8&p1_numberOfStreams=16&p1_numberOfStreams=32&p1_numberOfStreams=64&p1_numberOfStreams=128&p1_numberOfStreams=256&p2_elementsPerStream=1&p2_elementsPerStream=2&p2_elementsPerStream=4&p2_elementsPerStream=8&p2_elementsPerStream=16&p2_elementsPerStream=32&p2_elementsPerStream=64&p2_elementsPerStream=128&p2_elementsPerStream=256&p2_elementsPerStream=512&p2_elementsPerStream=1024&p2_elementsPerStream=2056","2","0","","false","fde0b17a7866c069272e6bb045619ebc7f57de0380327cfa240ac4eeae580c9a"
