"json-iterator/java","7bed8ab2be2ddede8e465ff2168bb55708653c78","1546297200","1.20","1.6","1.6","com.jsoniter.BenchGson","gsonDecoder","","","","","","","BOTH_UNSET","BOTH_UNSET","BOTH_UNSET","","","","","","","BOTH_UNSET","BOTH_UNSET","BOTH_UNSET","","","","","","","","","","","","","","","","","","","1","org.openjdk.jmh.infra.Blackhole","1","0","0","true","false","false","false","false","","","0","0","0","","false","5909d7ec65d8f56c887834348381a8702b4c24a32b72bc780677a76eb5f8d1ab","11"
"json-iterator/java","7bed8ab2be2ddede8e465ff2168bb55708653c78","1546297200","1.20","1.6","1.6","com.jsoniter.BenchGson","jsoniterReflectionDecoder","","","","","","","BOTH_UNSET","BOTH_UNSET","BOTH_UNSET","","","","","","","BOTH_UNSET","BOTH_UNSET","BOTH_UNSET","","","","","","","","","","","","","","","","","","","1","org.openjdk.jmh.infra.Blackhole","1","0","0","true","false","false","false","false","","","0","0","0","","false","7c3d54004e29d31b97a937c990f8e8adcd24f023d044f84866d5e77b59fd7e92","12"
