"intropro/prairie","3fd5fc803a4cc43cee9bb3221d80eeb7228bd8ca","1446623800","1.11.1","","","com.intropro.prairie.benchmarks.yarn.YarnStartBenchmark.measureHdfsStart","0","0","","","","","BOTH_UNSET","BOTH_UNSET","BOTH_UNSET","3","3","","","","","BOTH_UNSET","BOTH_UNSET","BOTH_UNSET","3","3","","","","","false","false","","false","false","","true","true","","false","false","","","0","false","false","false","false","false","","","0","0","","false","6d3368a726a6bc8541f08aab66f1a691a0bb30b98c0369592a08bcb545a85841"
"intropro/prairie","3fd5fc803a4cc43cee9bb3221d80eeb7228bd8ca","1446623800","1.11.1","","","com.intropro.prairie.benchmarks.yarn.YarnStopBenchmark.measureHdfsStart","0","0","","","","","BOTH_UNSET","BOTH_UNSET","BOTH_UNSET","3","3","","","","","BOTH_UNSET","BOTH_UNSET","BOTH_UNSET","3","3","","","","","false","false","","false","false","","true","true","","false","false","","","0","false","false","false","false","false","","","0","0","","false","4c19ae101b801cedb3ca4920527c86212500938781178ce062bb553d5535d65c"
"intropro/prairie","3fd5fc803a4cc43cee9bb3221d80eeb7228bd8ca","1446623800","1.11.1","","","com.intropro.prairie.benchmarks.zookeeper.ZookeeperStopBenchmark.measureHdfsStart","0","0","","","","","BOTH_UNSET","BOTH_UNSET","BOTH_UNSET","3","3","","","","","BOTH_UNSET","BOTH_UNSET","BOTH_UNSET","3","3","","","","","false","false","","false","false","","true","true","","false","false","","","0","false","false","false","false","false","","","0","0","","false","2c1033679b79e509a83c487714f2c149dd60bd771eb634a6bec0c444fded6fff"
"intropro/prairie","3fd5fc803a4cc43cee9bb3221d80eeb7228bd8ca","1446623800","1.11.1","","","com.intropro.prairie.benchmarks.zookeeper.ZookeeperStartBenchmark.measureHdfsStart","0","0","","","","","BOTH_UNSET","BOTH_UNSET","BOTH_UNSET","3","3","","","","","BOTH_UNSET","BOTH_UNSET","BOTH_UNSET","3","3","","","","","false","false","","false","false","","true","true","","false","false","","","0","false","false","false","false","false","","","0","0","","false","025dfd480142eb1662e2aaaf982ac76f13c496fbb9a9c7e6590a264916ca024f"
"intropro/prairie","3fd5fc803a4cc43cee9bb3221d80eeb7228bd8ca","1446623800","1.11.1","","","com.intropro.prairie.benchmarks.oozie.OozieStopBenchmark.measureHdfsStart","0","0","","","","","BOTH_UNSET","BOTH_UNSET","BOTH_UNSET","3","3","","","","","BOTH_UNSET","BOTH_UNSET","BOTH_UNSET","3","3","","","","","false","false","","false","false","","true","true","","false","false","","","0","false","false","false","false","false","","","0","0","","false","b44924e0cf4ef488e8484b8ebb86754271f0d4881a09f42ddd093170d27dd7cf"
"intropro/prairie","3fd5fc803a4cc43cee9bb3221d80eeb7228bd8ca","1446623800","1.11.1","","","com.intropro.prairie.benchmarks.oozie.OozieStartBenchmark.measureHdfsStart","0","0","","","","","BOTH_UNSET","BOTH_UNSET","BOTH_UNSET","3","3","","","","","BOTH_UNSET","BOTH_UNSET","BOTH_UNSET","3","3","","","","","false","false","","false","false","","true","true","","false","false","","","0","false","false","false","false","false","","","0","0","","false","93fe97e76e87418345ebbdc4fa58d358e934fe2e286950d783bbe2de9025e01d"
"intropro/prairie","3fd5fc803a4cc43cee9bb3221d80eeb7228bd8ca","1446623800","1.11.1","","","com.intropro.prairie.benchmarks.kafka.KafkaStopBenchmark.measureHdfsStart","0","0","","","","","BOTH_UNSET","BOTH_UNSET","BOTH_UNSET","3","3","","","","","BOTH_UNSET","BOTH_UNSET","BOTH_UNSET","3","3","","","","","false","false","","false","false","","true","true","","false","false","","","0","false","false","false","false","false","","","0","0","","false","c689c153a05298cb6b1af5edc9cc28c9f1ef7aa9b2aa4ab50aae1ae727ba586b"
"intropro/prairie","3fd5fc803a4cc43cee9bb3221d80eeb7228bd8ca","1446623800","1.11.1","","","com.intropro.prairie.benchmarks.kafka.KafkaStartBenchmark.measureHdfsStart","0","0","","","","","BOTH_UNSET","BOTH_UNSET","BOTH_UNSET","3","3","","","","","BOTH_UNSET","BOTH_UNSET","BOTH_UNSET","3","3","","","","","false","false","","false","false","","true","true","","false","false","","","0","false","false","false","false","false","","","0","0","","false","edeea5b4fc8ba091c03e5612cb718b79b48db5c35f3287beb012473d13c9c619"
"intropro/prairie","3fd5fc803a4cc43cee9bb3221d80eeb7228bd8ca","1446623800","1.11.1","","","com.intropro.prairie.benchmarks.flume.FlumeStartBenchmark.measureHdfsStart","0","0","","","","","BOTH_UNSET","BOTH_UNSET","BOTH_UNSET","3","3","","","","","BOTH_UNSET","BOTH_UNSET","BOTH_UNSET","3","3","","","","","false","false","","false","false","","true","true","","false","false","","","0","false","false","false","false","false","","","0","0","","false","7cc7377935a013f1be39641f1d6ad5b1ebda78b4320f828bc9c666efffa9946f"
"intropro/prairie","3fd5fc803a4cc43cee9bb3221d80eeb7228bd8ca","1446623800","1.11.1","","","com.intropro.prairie.benchmarks.flume.FlumeStopBenchmark.measureHdfsStart","0","0","","","","","BOTH_UNSET","BOTH_UNSET","BOTH_UNSET","3","3","","","","","BOTH_UNSET","BOTH_UNSET","BOTH_UNSET","3","3","","","","","false","false","","false","false","","true","true","","false","false","","","0","false","false","false","false","false","","","0","0","","false","8c41be32b1dff9f27414d713c85b7801c90eb365353cca5115f4ec61203d8573"
"intropro/prairie","3fd5fc803a4cc43cee9bb3221d80eeb7228bd8ca","1446623800","1.11.1","","","com.intropro.prairie.benchmarks.hive2.Hive2StopBenchmark.measureHdfsStart","0","0","","","","","BOTH_UNSET","BOTH_UNSET","BOTH_UNSET","3","3","","","","","BOTH_UNSET","BOTH_UNSET","BOTH_UNSET","3","3","","","","","false","false","","false","false","","true","true","","false","false","","","0","false","false","false","false","false","","","0","0","","false","b0a49996098c9325617df44a0ea4658a7a62339ae8f4d4891caff8b4f831f3af"
"intropro/prairie","3fd5fc803a4cc43cee9bb3221d80eeb7228bd8ca","1446623800","1.11.1","","","com.intropro.prairie.benchmarks.hive2.Hive2StartBenchmark.measureHdfsStart","0","0","","","","","BOTH_UNSET","BOTH_UNSET","BOTH_UNSET","3","3","","","","","BOTH_UNSET","BOTH_UNSET","BOTH_UNSET","3","3","","","","","false","false","","false","false","","true","true","","false","false","","","0","false","false","false","false","false","","","0","0","","false","78c87e573c89b47997b7b3c5a1f8dd2e2ef280120d28c05414d6e8dfde4d5a49"
"intropro/prairie","3fd5fc803a4cc43cee9bb3221d80eeb7228bd8ca","1446623800","1.11.1","","","com.intropro.prairie.benchmarks.pig.PigStopBenchmark.measureHdfsStart","0","0","","","","","BOTH_UNSET","BOTH_UNSET","BOTH_UNSET","3","3","","","","","BOTH_UNSET","BOTH_UNSET","BOTH_UNSET","3","3","","","","","false","false","","false","false","","true","true","","false","false","","","0","false","false","false","false","false","","","0","0","","false","89470af2e11f9b6dea026a56ce9db66fedc176f80f0669d7a3c97f5c2c9c8ec7"
"intropro/prairie","3fd5fc803a4cc43cee9bb3221d80eeb7228bd8ca","1446623800","1.11.1","","","com.intropro.prairie.benchmarks.pig.PigStartBenchmark.measureHdfsStart","0","0","","","","","BOTH_UNSET","BOTH_UNSET","BOTH_UNSET","3","3","","","","","BOTH_UNSET","BOTH_UNSET","BOTH_UNSET","3","3","","","","","false","false","","false","false","","true","true","","false","false","","","0","false","false","false","false","false","","","0","0","","false","390a0fdd475a834a1ce49c827adff4967acb17b93390b83118c59b28eec66261"
"intropro/prairie","3fd5fc803a4cc43cee9bb3221d80eeb7228bd8ca","1446623800","1.11.1","","","com.intropro.prairie.benchmarks.hdfs.HdfsStartBenchmark.measureHdfsStart","0","0","","","","","BOTH_UNSET","BOTH_UNSET","BOTH_UNSET","3","3","","","","","BOTH_UNSET","BOTH_UNSET","BOTH_UNSET","3","3","","","","","false","false","","false","false","","true","true","","false","false","","","0","false","false","false","false","false","","","0","0","","false","4a851c39559000a78ebd80a8a29f3824cc20bc9855b21d6ff405633592aab717"
"intropro/prairie","3fd5fc803a4cc43cee9bb3221d80eeb7228bd8ca","1446623800","1.11.1","","","com.intropro.prairie.benchmarks.hdfs.HdfsStopBenchmark.measureHdfsStart","0","0","","","","","BOTH_UNSET","BOTH_UNSET","BOTH_UNSET","3","3","","","","","BOTH_UNSET","BOTH_UNSET","BOTH_UNSET","3","3","","","","","false","false","","false","false","","true","true","","false","false","","","0","false","false","false","false","false","","","0","0","","false","998f322b992a34cb4d852550293010e93a718604ecc7fd0fdf722e418aad6f9e"
