"nicoulaj/jmh-utils","f33f25075efdc969786db7ad376214cb086e5f5a","1406844000","0.9.5","","","net.nicoulaj.jmh.profilers.TestBenchmark.benchmark","1","","1","1000000000","","1000000000","BOTH_SET","BOTH_UNSET","BOTH_SET","3","","3","10000000","","10000000","BOTH_SET","BOTH_UNSET","BOTH_SET","2","","2","","","","true","","true","false","","false","false","","false","false","","false","","0","false","false","false","false","false","","","0","0","int","false","ff17f14c5d7ff8093a77eb4d7d57ac82e52a4af3312c77471c5a583a1061d3dd"
"nicoulaj/jmh-utils","f33f25075efdc969786db7ad376214cb086e5f5a","1406844000","0.9.5","","","net.nicoulaj.jmh.profilers.TestBenchmark.benchmark","","","","","","","UNIT_SET","BOTH_UNSET","UNIT_SET","","","","","","","UNIT_SET","BOTH_UNSET","UNIT_SET","","","","","","","true","","true","false","","false","false","","false","false","","false","","0","false","false","false","false","false","","","0","0","","false","ff17f14c5d7ff8093a77eb4d7d57ac82e52a4af3312c77471c5a583a1061d3dd"
"nicoulaj/jmh-utils","f33f25075efdc969786db7ad376214cb086e5f5a","1406844000","0.9.5","","","net.nicoulaj.jmh.profilers.TestBenchmark.benchmark","","","","","","","UNIT_SET","BOTH_UNSET","UNIT_SET","","","","","","","UNIT_SET","BOTH_UNSET","UNIT_SET","","","","","","","true","","true","false","","false","false","","false","false","","false","","0","false","false","false","false","false","","","0","0","","false","ff17f14c5d7ff8093a77eb4d7d57ac82e52a4af3312c77471c5a583a1061d3dd"
"nicoulaj/jmh-utils","f33f25075efdc969786db7ad376214cb086e5f5a","1406844000","0.9.5","","","net.nicoulaj.jmh.profilers.TestBenchmark.benchmark","","","","","","","UNIT_SET","BOTH_UNSET","UNIT_SET","","","","","","","UNIT_SET","BOTH_UNSET","UNIT_SET","","","","","","","true","","true","false","","false","false","","false","false","","false","","0","false","false","false","false","false","","","0","0","","false","ff17f14c5d7ff8093a77eb4d7d57ac82e52a4af3312c77471c5a583a1061d3dd"
"nicoulaj/jmh-utils","f33f25075efdc969786db7ad376214cb086e5f5a","1406844000","0.9.5","","","net.nicoulaj.jmh.profilers.TestBenchmark.benchmark","","","","","","","UNIT_SET","BOTH_UNSET","UNIT_SET","","","","","","","UNIT_SET","BOTH_UNSET","UNIT_SET","","","","","","","true","","true","false","","false","false","","false","false","","false","","0","false","false","false","false","false","","","0","0","","false","ff17f14c5d7ff8093a77eb4d7d57ac82e52a4af3312c77471c5a583a1061d3dd"
"nicoulaj/jmh-utils","f33f25075efdc969786db7ad376214cb086e5f5a","1406844000","0.9.5","","","net.nicoulaj.jmh.profilers.TestBenchmark.benchmark","","","","","","","UNIT_SET","BOTH_UNSET","UNIT_SET","","","","","","","UNIT_SET","BOTH_UNSET","UNIT_SET","","","","","","","true","","true","false","","false","false","","false","false","","false","","0","false","false","false","false","false","","","0","0","","false","ff17f14c5d7ff8093a77eb4d7d57ac82e52a4af3312c77471c5a583a1061d3dd"
"nicoulaj/jmh-utils","f33f25075efdc969786db7ad376214cb086e5f5a","1406844000","0.9.5","","","net.nicoulaj.jmh.assertions.TestBenchmark.benchmark","1","","1","1000000000","","1000000000","BOTH_SET","BOTH_UNSET","BOTH_SET","3","","3","10000000","","10000000","BOTH_SET","BOTH_UNSET","BOTH_SET","1","","1","","","","true","","true","false","","false","false","","false","false","","false","","0","false","false","false","false","false","","","0","0","int","false","a0def685f9f7e5cf6aadb58eb338957473b8310604ca41eeab6bde3065242fd3"
