"rerorero/oleoleflake","7d5c0065042c96ed49db137da2403e1aae2c70fc","1496268000","1.19","","1.8","com.github.rerorero.oleoleflake.jmh.Bench.nextId","","","","","","","BOTH_UNSET","BOTH_UNSET","BOTH_UNSET","","","","","","","BOTH_UNSET","BOTH_UNSET","BOTH_UNSET","1","1","","","","","false","","false","true","","true","false","","false","false","","false","","0","false","false","false","false","false","","","0","0","","false","b9802f2df53a26d7940339a4c8b80779733e24cbe5e61c86c8c477808fe1623e"
